1 0.10949330357142857 0.43495758928571426 0.19220089285714284 0.3699151785714286
1 0.2169575892857143 0.47888839285714285 0.18391517857142858 0.40420535714285716
1 0.3266517857142857 0.5397120535714286 0.18008928571428573 0.41870982142857144
1 0.446375 0.5747879464285715 0.18739285714285714 0.4531473214285714
1 0.5636785714285714 0.608421875 0.1809285714285714 0.4132723214285714
0 0.6626160714285714 0.71284375 0.18237499999999998 0.40783035714285715
1 0.7839642857142858 0.7477209821428571 0.184 0.41508482142857145
1 0.9117165178571429 0.7707455357142857 0.18057589285714284 0.38970535714285715
1 0.10949330357142857 0.43495758928571426 0.19220089285714284 0.3699151785714286
1 0.2169575892857143 0.47888839285714285 0.18391517857142858 0.40420535714285716
1 0.3266517857142857 0.5397120535714286 0.18008928571428573 0.41870982142857144
1 0.446375 0.5747879464285715 0.18739285714285714 0.4531473214285714
1 0.5636785714285714 0.608421875 0.1809285714285714 0.4132723214285714
0 0.6626160714285714 0.71284375 0.18237499999999998 0.40783035714285715
1 0.7839642857142858 0.7477209821428571 0.184 0.41508482142857145
1 0.9117165178571429 0.7707455357142857 0.18057589285714284 0.38970535714285715
1 0.10949330357142857 0.43495758928571426 0.19220089285714284 0.3699151785714286
1 0.2169575892857143 0.47888839285714285 0.18391517857142858 0.40420535714285716
1 0.3266517857142857 0.5397120535714286 0.18008928571428573 0.41870982142857144
1 0.446375 0.5747879464285715 0.18739285714285714 0.4531473214285714
1 0.5636785714285714 0.608421875 0.1809285714285714 0.4132723214285714
0 0.6626160714285714 0.71284375 0.18237499999999998 0.40783035714285715
1 0.7839642857142858 0.7477209821428571 0.184 0.41508482142857145
1 0.9117165178571429 0.7707455357142857 0.18057589285714284 0.38970535714285715
1 0.10949330357142857 0.43495758928571426 0.19220089285714284 0.3699151785714286
1 0.2169575892857143 0.47888839285714285 0.18391517857142858 0.40420535714285716
1 0.3266517857142857 0.5397120535714286 0.18008928571428573 0.41870982142857144
1 0.446375 0.5747879464285715 0.18739285714285714 0.4531473214285714
1 0.5636785714285714 0.608421875 0.1809285714285714 0.4132723214285714
0 0.6626160714285714 0.71284375 0.18237499999999998 0.40783035714285715
1 0.7839642857142858 0.7477209821428571 0.184 0.41508482142857145
1 0.9117165178571429 0.7707455357142857 0.18057589285714284 0.38970535714285715
1 0.10949330357142857 0.43495758928571426 0.19220089285714284 0.3699151785714286
1 0.2169575892857143 0.47888839285714285 0.18391517857142858 0.40420535714285716
1 0.3266517857142857 0.5397120535714286 0.18008928571428573 0.41870982142857144
1 0.446375 0.5747879464285715 0.18739285714285714 0.4531473214285714
1 0.5636785714285714 0.608421875 0.1809285714285714 0.4132723214285714
0 0.6626160714285714 0.71284375 0.18237499999999998 0.40783035714285715
1 0.7839642857142858 0.7477209821428571 0.184 0.41508482142857145
1 0.9117165178571429 0.7707455357142857 0.18057589285714284 0.38970535714285715
