1 0.04504017857142857 0.18505580357142856 0.09008035714285714 0.2718973214285714
1 0.13891071428571428 0.18950669642857143 0.09032142857142857 0.3075848214285714
1 0.1259330357142857 0.8528839285714286 0.09115178571428571 0.286125
1 0.22809821428571428 0.2091339285714286 0.090125 0.28433928571428574
1 0.22158705357142858 0.8531785714285715 0.08603125 0.29564285714285715
1 0.31738392857142855 0.20035267857142855 0.090125 0.3024910714285714
1 0.40666964285714285 0.18318080357142857 0.090125 0.32171875
1 0.3092901785714286 0.8195736607142857 0.08286607142857143 0.33557589285714284
1 0.8457053571428571 0.17345089285714285 0.09319642857142858 0.32904464285714285
1 0.9352633928571429 0.1707745535714286 0.0848125 0.33262053571428574
1 0.8477544642857142 0.8323772321428571 0.09729464285714286 0.32546875000000003
0 0.48805133928571426 0.21091517857142858 0.09217410714285713 0.2789732142857143
0 0.5804084821428572 0.2153794642857143 0.09831696428571428 0.2789732142857143
0 0.668015625 0.19854687499999998 0.08603125 0.27209374999999997
0 0.7563660714285714 0.20077008928571427 0.08416071428571428 0.2586830357142857
0 0.39876562499999996 0.8598683035714286 0.09217410714285713 0.28223660714285714
0 0.48958705357142857 0.8528839285714286 0.09524553571428572 0.286125
0 0.043381696428571426 0.8555602678571429 0.07783482142857143 0.28254910714285714
0 0.5852410714285714 0.8528839285714286 0.090125 0.286125
0 0.6675022321428571 0.8485714285714285 0.08500446428571429 0.2953571428571428
0 0.7588839285714286 0.8383058035714287 0.08919642857142858 0.3016116071428572
0 0.9335825892857142 0.8418816964285715 0.07252232142857143 0.3087633928571428
1 0.04504017857142857 0.18505580357142856 0.09008035714285714 0.2718973214285714
1 0.13891071428571428 0.18950669642857143 0.09032142857142857 0.3075848214285714
1 0.1259330357142857 0.8528839285714286 0.09115178571428571 0.286125
1 0.22809821428571428 0.2091339285714286 0.090125 0.28433928571428574
1 0.22158705357142858 0.8531785714285715 0.08603125 0.29564285714285715
1 0.31738392857142855 0.20035267857142855 0.090125 0.3024910714285714
1 0.40666964285714285 0.18318080357142857 0.090125 0.32171875
1 0.3092901785714286 0.8195736607142857 0.08286607142857143 0.33557589285714284
1 0.8457053571428571 0.17345089285714285 0.09319642857142858 0.32904464285714285
1 0.9352633928571429 0.1707745535714286 0.0848125 0.33262053571428574
1 0.8477544642857142 0.8323772321428571 0.09729464285714286 0.32546875000000003
0 0.48805133928571426 0.21091517857142858 0.09217410714285713 0.2789732142857143
0 0.5804084821428572 0.2153794642857143 0.09831696428571428 0.2789732142857143
0 0.668015625 0.19854687499999998 0.08603125 0.27209374999999997
0 0.7563660714285714 0.20077008928571427 0.08416071428571428 0.2586830357142857
0 0.39876562499999996 0.8598683035714286 0.09217410714285713 0.28223660714285714
0 0.48958705357142857 0.8528839285714286 0.09524553571428572 0.286125
0 0.043381696428571426 0.8555602678571429 0.07783482142857143 0.28254910714285714
0 0.5852410714285714 0.8528839285714286 0.090125 0.286125
0 0.6675022321428571 0.8485714285714285 0.08500446428571429 0.2953571428571428
0 0.7588839285714286 0.8383058035714287 0.08919642857142858 0.3016116071428572
0 0.9335825892857142 0.8418816964285715 0.07252232142857143 0.3087633928571428
1 0.04504017857142857 0.18505580357142856 0.09008035714285714 0.2718973214285714
1 0.13891071428571428 0.18950669642857143 0.09032142857142857 0.3075848214285714
1 0.1259330357142857 0.8528839285714286 0.09115178571428571 0.286125
1 0.22809821428571428 0.2091339285714286 0.090125 0.28433928571428574
1 0.22158705357142858 0.8531785714285715 0.08603125 0.29564285714285715
1 0.31738392857142855 0.20035267857142855 0.090125 0.3024910714285714
1 0.40666964285714285 0.18318080357142857 0.090125 0.32171875
1 0.3092901785714286 0.8195736607142857 0.08286607142857143 0.33557589285714284
1 0.8457053571428571 0.17345089285714285 0.09319642857142858 0.32904464285714285
1 0.9352633928571429 0.1707745535714286 0.0848125 0.33262053571428574
1 0.8477544642857142 0.8323772321428571 0.09729464285714286 0.32546875000000003
0 0.48805133928571426 0.21091517857142858 0.09217410714285713 0.2789732142857143
0 0.5804084821428572 0.2153794642857143 0.09831696428571428 0.2789732142857143
0 0.668015625 0.19854687499999998 0.08603125 0.27209374999999997
0 0.7563660714285714 0.20077008928571427 0.08416071428571428 0.2586830357142857
0 0.39876562499999996 0.8598683035714286 0.09217410714285713 0.28223660714285714
0 0.48958705357142857 0.8528839285714286 0.09524553571428572 0.286125
0 0.043381696428571426 0.8555602678571429 0.07783482142857143 0.28254910714285714
0 0.5852410714285714 0.8528839285714286 0.090125 0.286125
0 0.6675022321428571 0.8485714285714285 0.08500446428571429 0.2953571428571428
0 0.7588839285714286 0.8383058035714287 0.08919642857142858 0.3016116071428572
0 0.9335825892857142 0.8418816964285715 0.07252232142857143 0.3087633928571428
1 0.04504017857142857 0.18505580357142856 0.09008035714285714 0.2718973214285714
1 0.13891071428571428 0.18950669642857143 0.09032142857142857 0.3075848214285714
1 0.1259330357142857 0.8528839285714286 0.09115178571428571 0.286125
1 0.22809821428571428 0.2091339285714286 0.090125 0.28433928571428574
1 0.22158705357142858 0.8531785714285715 0.08603125 0.29564285714285715
1 0.31738392857142855 0.20035267857142855 0.090125 0.3024910714285714
1 0.40666964285714285 0.18318080357142857 0.090125 0.32171875
1 0.3092901785714286 0.8195736607142857 0.08286607142857143 0.33557589285714284
1 0.8457053571428571 0.17345089285714285 0.09319642857142858 0.32904464285714285
1 0.9352633928571429 0.1707745535714286 0.0848125 0.33262053571428574
1 0.8477544642857142 0.8323772321428571 0.09729464285714286 0.32546875000000003
0 0.48805133928571426 0.21091517857142858 0.09217410714285713 0.2789732142857143
0 0.5804084821428572 0.2153794642857143 0.09831696428571428 0.2789732142857143
0 0.668015625 0.19854687499999998 0.08603125 0.27209374999999997
0 0.7563660714285714 0.20077008928571427 0.08416071428571428 0.2586830357142857
0 0.39876562499999996 0.8598683035714286 0.09217410714285713 0.28223660714285714
0 0.48958705357142857 0.8528839285714286 0.09524553571428572 0.286125
0 0.043381696428571426 0.8555602678571429 0.07783482142857143 0.28254910714285714
0 0.5852410714285714 0.8528839285714286 0.090125 0.286125
0 0.6675022321428571 0.8485714285714285 0.08500446428571429 0.2953571428571428
0 0.7588839285714286 0.8383058035714287 0.08919642857142858 0.3016116071428572
0 0.9335825892857142 0.8418816964285715 0.07252232142857143 0.3087633928571428
1 0.04504017857142857 0.18505580357142856 0.09008035714285714 0.2718973214285714
1 0.13891071428571428 0.18950669642857143 0.09032142857142857 0.3075848214285714
1 0.1259330357142857 0.8528839285714286 0.09115178571428571 0.286125
1 0.22809821428571428 0.2091339285714286 0.090125 0.28433928571428574
1 0.22158705357142858 0.8531785714285715 0.08603125 0.29564285714285715
1 0.31738392857142855 0.20035267857142855 0.090125 0.3024910714285714
1 0.40666964285714285 0.18318080357142857 0.090125 0.32171875
1 0.3092901785714286 0.8195736607142857 0.08286607142857143 0.33557589285714284
1 0.8457053571428571 0.17345089285714285 0.09319642857142858 0.32904464285714285
1 0.9352633928571429 0.1707745535714286 0.0848125 0.33262053571428574
1 0.8477544642857142 0.8323772321428571 0.09729464285714286 0.32546875000000003
0 0.48805133928571426 0.21091517857142858 0.09217410714285713 0.2789732142857143
0 0.5804084821428572 0.2153794642857143 0.09831696428571428 0.2789732142857143
0 0.668015625 0.19854687499999998 0.08603125 0.27209374999999997
0 0.7563660714285714 0.20077008928571427 0.08416071428571428 0.2586830357142857
0 0.39876562499999996 0.8598683035714286 0.09217410714285713 0.28223660714285714
0 0.48958705357142857 0.8528839285714286 0.09524553571428572 0.286125
0 0.043381696428571426 0.8555602678571429 0.07783482142857143 0.28254910714285714
0 0.5852410714285714 0.8528839285714286 0.090125 0.286125
0 0.6675022321428571 0.8485714285714285 0.08500446428571429 0.2953571428571428
0 0.7588839285714286 0.8383058035714287 0.08919642857142858 0.3016116071428572
0 0.9335825892857142 0.8418816964285715 0.07252232142857143 0.3087633928571428
