1 0.09151785714285714 0.78125 0.16517857142857142 0.4375
1 0.265625 0.7845982142857143 0.16517857142857142 0.4174107142857143
1 0.43080357142857145 0.7901785714285714 0.15625 0.41964285714285715
1 0.5904017857142857 0.7700892857142857 0.171875 0.45982142857142855
1 0.7589285714285714 0.7790178571428571 0.14285714285714285 0.4419642857142857
1 0.9151785714285714 0.7834821428571429 0.16964285714285715 0.4330357142857143
1 0.09151785714285714 0.78125 0.16517857142857142 0.4375
1 0.265625 0.7845982142857143 0.16517857142857142 0.4174107142857143
1 0.43080357142857145 0.7901785714285714 0.15625 0.41964285714285715
1 0.5904017857142857 0.7700892857142857 0.171875 0.45982142857142855
1 0.7589285714285714 0.7790178571428571 0.14285714285714285 0.4419642857142857
1 0.9151785714285714 0.7834821428571429 0.16964285714285715 0.4330357142857143
1 0.09151785714285714 0.78125 0.16517857142857142 0.4375
1 0.265625 0.7845982142857143 0.16517857142857142 0.4174107142857143
1 0.43080357142857145 0.7901785714285714 0.15625 0.41964285714285715
1 0.5904017857142857 0.7700892857142857 0.171875 0.45982142857142855
1 0.7589285714285714 0.7790178571428571 0.14285714285714285 0.4419642857142857
1 0.9151785714285714 0.7834821428571429 0.16964285714285715 0.4330357142857143
1 0.09151785714285714 0.78125 0.16517857142857142 0.4375
1 0.265625 0.7845982142857143 0.16517857142857142 0.4174107142857143
1 0.43080357142857145 0.7901785714285714 0.15625 0.41964285714285715
1 0.5904017857142857 0.7700892857142857 0.171875 0.45982142857142855
1 0.7589285714285714 0.7790178571428571 0.14285714285714285 0.4419642857142857
1 0.9151785714285714 0.7834821428571429 0.16964285714285715 0.4330357142857143
1 0.09151785714285714 0.78125 0.16517857142857142 0.4375
1 0.265625 0.7845982142857143 0.16517857142857142 0.4174107142857143
1 0.43080357142857145 0.7901785714285714 0.15625 0.41964285714285715
1 0.5904017857142857 0.7700892857142857 0.171875 0.45982142857142855
1 0.7589285714285714 0.7790178571428571 0.14285714285714285 0.4419642857142857
1 0.9151785714285714 0.7834821428571429 0.16964285714285715 0.4330357142857143
