1 0.47879464285714285 0.09375 0.34151785714285715 0.17857142857142858
1 0.48549107142857145 0.2924107142857143 0.34598214285714285 0.17410714285714285
1 0.484375 0.6183035714285714 0.32589285714285715 0.13839285714285715
1 0.4799107142857143 0.7723214285714286 0.3169642857142857 0.15178571428571427
1 0.4732142857142857 0.9207589285714286 0.3392857142857143 0.13616071428571427
1 0.828125 0.09598214285714286 0.34375 0.17410714285714285
1 0.8303571428571429 0.28794642857142855 0.3392857142857143 0.14732142857142858
1 0.8258928571428571 0.46316964285714285 0.3392857142857143 0.14955357142857142
1 0.8236607142857143 0.609375 0.35267857142857145 0.13839285714285715
1 0.8236607142857143 0.7745535714285714 0.35267857142857145 0.13839285714285715
1 0.8191964285714286 0.9296875 0.36160714285714285 0.11830357142857142
0 0.48995535714285715 0.47098214285714285 0.31919642857142855 0.14732142857142858
1 0.47879464285714285 0.09375 0.34151785714285715 0.17857142857142858
1 0.48549107142857145 0.2924107142857143 0.34598214285714285 0.17410714285714285
1 0.484375 0.6183035714285714 0.32589285714285715 0.13839285714285715
1 0.4799107142857143 0.7723214285714286 0.3169642857142857 0.15178571428571427
1 0.4732142857142857 0.9207589285714286 0.3392857142857143 0.13616071428571427
1 0.828125 0.09598214285714286 0.34375 0.17410714285714285
1 0.8303571428571429 0.28794642857142855 0.3392857142857143 0.14732142857142858
1 0.8258928571428571 0.46316964285714285 0.3392857142857143 0.14955357142857142
1 0.8236607142857143 0.609375 0.35267857142857145 0.13839285714285715
1 0.8236607142857143 0.7745535714285714 0.35267857142857145 0.13839285714285715
1 0.8191964285714286 0.9296875 0.36160714285714285 0.11830357142857142
0 0.48995535714285715 0.47098214285714285 0.31919642857142855 0.14732142857142858
1 0.47879464285714285 0.09375 0.34151785714285715 0.17857142857142858
1 0.48549107142857145 0.2924107142857143 0.34598214285714285 0.17410714285714285
1 0.484375 0.6183035714285714 0.32589285714285715 0.13839285714285715
1 0.4799107142857143 0.7723214285714286 0.3169642857142857 0.15178571428571427
1 0.4732142857142857 0.9207589285714286 0.3392857142857143 0.13616071428571427
1 0.828125 0.09598214285714286 0.34375 0.17410714285714285
1 0.8303571428571429 0.28794642857142855 0.3392857142857143 0.14732142857142858
1 0.8258928571428571 0.46316964285714285 0.3392857142857143 0.14955357142857142
1 0.8236607142857143 0.609375 0.35267857142857145 0.13839285714285715
1 0.8236607142857143 0.7745535714285714 0.35267857142857145 0.13839285714285715
1 0.8191964285714286 0.9296875 0.36160714285714285 0.11830357142857142
0 0.48995535714285715 0.47098214285714285 0.31919642857142855 0.14732142857142858
1 0.47879464285714285 0.09375 0.34151785714285715 0.17857142857142858
1 0.48549107142857145 0.2924107142857143 0.34598214285714285 0.17410714285714285
1 0.484375 0.6183035714285714 0.32589285714285715 0.13839285714285715
1 0.4799107142857143 0.7723214285714286 0.3169642857142857 0.15178571428571427
1 0.4732142857142857 0.9207589285714286 0.3392857142857143 0.13616071428571427
1 0.828125 0.09598214285714286 0.34375 0.17410714285714285
1 0.8303571428571429 0.28794642857142855 0.3392857142857143 0.14732142857142858
1 0.8258928571428571 0.46316964285714285 0.3392857142857143 0.14955357142857142
1 0.8236607142857143 0.609375 0.35267857142857145 0.13839285714285715
1 0.8236607142857143 0.7745535714285714 0.35267857142857145 0.13839285714285715
1 0.8191964285714286 0.9296875 0.36160714285714285 0.11830357142857142
0 0.48995535714285715 0.47098214285714285 0.31919642857142855 0.14732142857142858
1 0.47879464285714285 0.09375 0.34151785714285715 0.17857142857142858
1 0.48549107142857145 0.2924107142857143 0.34598214285714285 0.17410714285714285
1 0.484375 0.6183035714285714 0.32589285714285715 0.13839285714285715
1 0.4799107142857143 0.7723214285714286 0.3169642857142857 0.15178571428571427
1 0.4732142857142857 0.9207589285714286 0.3392857142857143 0.13616071428571427
1 0.828125 0.09598214285714286 0.34375 0.17410714285714285
1 0.8303571428571429 0.28794642857142855 0.3392857142857143 0.14732142857142858
1 0.8258928571428571 0.46316964285714285 0.3392857142857143 0.14955357142857142
1 0.8236607142857143 0.609375 0.35267857142857145 0.13839285714285715
1 0.8236607142857143 0.7745535714285714 0.35267857142857145 0.13839285714285715
1 0.8191964285714286 0.9296875 0.36160714285714285 0.11830357142857142
0 0.48995535714285715 0.47098214285714285 0.31919642857142855 0.14732142857142858
