1 0.05357142857142857 0.1796875 0.08928571428571429 0.296875
1 0.13616071428571427 0.18303571428571427 0.07589285714285714 0.30357142857142855
1 0.22767857142857142 0.19308035714285715 0.08035714285714286 0.296875
1 0.31919642857142855 0.19308035714285715 0.08482142857142858 0.27901785714285715
1 0.40848214285714285 0.18526785714285715 0.07589285714285714 0.29017857142857145
1 0.12388392857142858 0.8526785714285714 0.08705357142857142 0.29464285714285715
1 0.22098214285714285 0.8504464285714286 0.07589285714285714 0.29910714285714285
1 0.3169642857142857 0.8270089285714286 0.08928571428571429 0.34151785714285715
2 0.8515625 0.8258928571428571 0.09598214285714286 0.3482142857142857
1 0.8482142857142857 0.18080357142857142 0.08928571428571429 0.3169642857142857
1 0.9375 0.17522321428571427 0.07142857142857142 0.296875
0 0.4955357142857143 0.20089285714285715 0.08928571428571429 0.26785714285714285
0 0.5837053571428571 0.19977678571428573 0.08705357142857142 0.265625
0 0.671875 0.19084821428571427 0.08482142857142858 0.27455357142857145
0 0.7578125 0.19642857142857142 0.08705357142857142 0.25892857142857145
0 0.04241071428571429 0.8493303571428571 0.07589285714285714 0.27901785714285715
0 0.4029017857142857 0.8415178571428571 0.08258928571428571 0.3080357142857143
0 0.49330357142857145 0.8370535714285714 0.08482142857142858 0.32589285714285715
0 0.5870535714285714 0.8359375 0.08482142857142858 0.30580357142857145
0 0.6707589285714286 0.8359375 0.09151785714285714 0.31473214285714285
0 0.7611607142857143 0.8359375 0.08482142857142858 0.3236607142857143
0 0.9363839285714286 0.8359375 0.078125 0.3236607142857143
1 0.05357142857142857 0.1796875 0.08928571428571429 0.296875
1 0.13616071428571427 0.18303571428571427 0.07589285714285714 0.30357142857142855
1 0.22767857142857142 0.19308035714285715 0.08035714285714286 0.296875
1 0.31919642857142855 0.19308035714285715 0.08482142857142858 0.27901785714285715
1 0.40848214285714285 0.18526785714285715 0.07589285714285714 0.29017857142857145
1 0.12388392857142858 0.8526785714285714 0.08705357142857142 0.29464285714285715
1 0.22098214285714285 0.8504464285714286 0.07589285714285714 0.29910714285714285
1 0.3169642857142857 0.8270089285714286 0.08928571428571429 0.34151785714285715
2 0.8515625 0.8258928571428571 0.09598214285714286 0.3482142857142857
1 0.8482142857142857 0.18080357142857142 0.08928571428571429 0.3169642857142857
1 0.9375 0.17522321428571427 0.07142857142857142 0.296875
0 0.4955357142857143 0.20089285714285715 0.08928571428571429 0.26785714285714285
0 0.5837053571428571 0.19977678571428573 0.08705357142857142 0.265625
0 0.671875 0.19084821428571427 0.08482142857142858 0.27455357142857145
0 0.7578125 0.19642857142857142 0.08705357142857142 0.25892857142857145
0 0.04241071428571429 0.8493303571428571 0.07589285714285714 0.27901785714285715
0 0.4029017857142857 0.8415178571428571 0.08258928571428571 0.3080357142857143
0 0.49330357142857145 0.8370535714285714 0.08482142857142858 0.32589285714285715
0 0.5870535714285714 0.8359375 0.08482142857142858 0.30580357142857145
0 0.6707589285714286 0.8359375 0.09151785714285714 0.31473214285714285
0 0.7611607142857143 0.8359375 0.08482142857142858 0.3236607142857143
0 0.9363839285714286 0.8359375 0.078125 0.3236607142857143
1 0.05357142857142857 0.1796875 0.08928571428571429 0.296875
1 0.13616071428571427 0.18303571428571427 0.07589285714285714 0.30357142857142855
1 0.22767857142857142 0.19308035714285715 0.08035714285714286 0.296875
1 0.31919642857142855 0.19308035714285715 0.08482142857142858 0.27901785714285715
1 0.40848214285714285 0.18526785714285715 0.07589285714285714 0.29017857142857145
1 0.12388392857142858 0.8526785714285714 0.08705357142857142 0.29464285714285715
1 0.22098214285714285 0.8504464285714286 0.07589285714285714 0.29910714285714285
1 0.3169642857142857 0.8270089285714286 0.08928571428571429 0.34151785714285715
2 0.8515625 0.8258928571428571 0.09598214285714286 0.3482142857142857
1 0.8482142857142857 0.18080357142857142 0.08928571428571429 0.3169642857142857
1 0.9375 0.17522321428571427 0.07142857142857142 0.296875
0 0.4955357142857143 0.20089285714285715 0.08928571428571429 0.26785714285714285
0 0.5837053571428571 0.19977678571428573 0.08705357142857142 0.265625
0 0.671875 0.19084821428571427 0.08482142857142858 0.27455357142857145
0 0.7578125 0.19642857142857142 0.08705357142857142 0.25892857142857145
0 0.04241071428571429 0.8493303571428571 0.07589285714285714 0.27901785714285715
0 0.4029017857142857 0.8415178571428571 0.08258928571428571 0.3080357142857143
0 0.49330357142857145 0.8370535714285714 0.08482142857142858 0.32589285714285715
0 0.5870535714285714 0.8359375 0.08482142857142858 0.30580357142857145
0 0.6707589285714286 0.8359375 0.09151785714285714 0.31473214285714285
0 0.7611607142857143 0.8359375 0.08482142857142858 0.3236607142857143
0 0.9363839285714286 0.8359375 0.078125 0.3236607142857143
1 0.05357142857142857 0.1796875 0.08928571428571429 0.296875
1 0.13616071428571427 0.18303571428571427 0.07589285714285714 0.30357142857142855
1 0.22767857142857142 0.19308035714285715 0.08035714285714286 0.296875
1 0.31919642857142855 0.19308035714285715 0.08482142857142858 0.27901785714285715
1 0.40848214285714285 0.18526785714285715 0.07589285714285714 0.29017857142857145
1 0.12388392857142858 0.8526785714285714 0.08705357142857142 0.29464285714285715
1 0.22098214285714285 0.8504464285714286 0.07589285714285714 0.29910714285714285
1 0.3169642857142857 0.8270089285714286 0.08928571428571429 0.34151785714285715
2 0.8515625 0.8258928571428571 0.09598214285714286 0.3482142857142857
1 0.8482142857142857 0.18080357142857142 0.08928571428571429 0.3169642857142857
1 0.9375 0.17522321428571427 0.07142857142857142 0.296875
0 0.4955357142857143 0.20089285714285715 0.08928571428571429 0.26785714285714285
0 0.5837053571428571 0.19977678571428573 0.08705357142857142 0.265625
0 0.671875 0.19084821428571427 0.08482142857142858 0.27455357142857145
0 0.7578125 0.19642857142857142 0.08705357142857142 0.25892857142857145
0 0.04241071428571429 0.8493303571428571 0.07589285714285714 0.27901785714285715
0 0.4029017857142857 0.8415178571428571 0.08258928571428571 0.3080357142857143
0 0.49330357142857145 0.8370535714285714 0.08482142857142858 0.32589285714285715
0 0.5870535714285714 0.8359375 0.08482142857142858 0.30580357142857145
0 0.6707589285714286 0.8359375 0.09151785714285714 0.31473214285714285
0 0.7611607142857143 0.8359375 0.08482142857142858 0.3236607142857143
0 0.9363839285714286 0.8359375 0.078125 0.3236607142857143
1 0.05357142857142857 0.1796875 0.08928571428571429 0.296875
1 0.13616071428571427 0.18303571428571427 0.07589285714285714 0.30357142857142855
1 0.22767857142857142 0.19308035714285715 0.08035714285714286 0.296875
1 0.31919642857142855 0.19308035714285715 0.08482142857142858 0.27901785714285715
1 0.40848214285714285 0.18526785714285715 0.07589285714285714 0.29017857142857145
1 0.12388392857142858 0.8526785714285714 0.08705357142857142 0.29464285714285715
1 0.22098214285714285 0.8504464285714286 0.07589285714285714 0.29910714285714285
1 0.3169642857142857 0.8270089285714286 0.08928571428571429 0.34151785714285715
2 0.8515625 0.8258928571428571 0.09598214285714286 0.3482142857142857
1 0.8482142857142857 0.18080357142857142 0.08928571428571429 0.3169642857142857
1 0.9375 0.17522321428571427 0.07142857142857142 0.296875
0 0.4955357142857143 0.20089285714285715 0.08928571428571429 0.26785714285714285
0 0.5837053571428571 0.19977678571428573 0.08705357142857142 0.265625
0 0.671875 0.19084821428571427 0.08482142857142858 0.27455357142857145
0 0.7578125 0.19642857142857142 0.08705357142857142 0.25892857142857145
0 0.04241071428571429 0.8493303571428571 0.07589285714285714 0.27901785714285715
0 0.4029017857142857 0.8415178571428571 0.08258928571428571 0.3080357142857143
0 0.49330357142857145 0.8370535714285714 0.08482142857142858 0.32589285714285715
0 0.5870535714285714 0.8359375 0.08482142857142858 0.30580357142857145
0 0.6707589285714286 0.8359375 0.09151785714285714 0.31473214285714285
0 0.7611607142857143 0.8359375 0.08482142857142858 0.3236607142857143
0 0.9363839285714286 0.8359375 0.078125 0.3236607142857143
