0 0.6986607142857143 0.5636160714285714 0.05803571428571429 0.002232142857142857
0 0.7243303571428571 0.578125 0.046875 0.004464285714285714
0 0.9229910714285714 0.6227678571428571 0.09598214285714286 0.004464285714285714
0 0.8727678571428571 0.6082589285714286 0.08482142857142858 0.002232142857142857
0 0.9754464285714286 0.5948660714285714 0.049107142857142856 0.002232142857142857
0 0.8928571428571429 0.5725446428571429 0.0625 0.002232142857142857
0 0.8426339285714286 0.5680803571428571 0.060267857142857144 0.002232142857142857
0 0.9241071428571429 0.5859375 0.08928571428571429 0.002232142857142857
0 0.7678571428571429 0.5591517857142857 0.03571428571428571 0.002232142857142857
0 0.5390625 0.7287946428571429 0.28348214285714285 0.020089285714285716
0 0.5334821428571429 0.6852678571428571 0.20982142857142858 0.013392857142857142
0 0.30580357142857145 0.7042410714285714 0.20089285714285715 0.015625
0 0.23660714285714285 0.7589285714285714 0.25892857142857145 0.017857142857142856
1 0.29464285714285715 0.640625 0.15178571428571427 0.05803571428571429
1 0.5267857142857143 0.6294642857142857 0.125 0.044642857142857144
1 0.052455357142857144 0.6551339285714286 0.060267857142857144 0.05133928571428571
1 0.11383928571428571 0.6450892857142857 0.04017857142857143 0.049107142857142856
1 0.1484375 0.6261160714285714 0.029017857142857144 0.046875
1 0.19196428571428573 0.6104910714285714 0.026785714285714284 0.04241071428571429
1 0.24776785714285715 0.5959821428571429 0.03125 0.03125
1 0.28683035714285715 0.5803571428571429 0.020089285714285716 0.026785714285714284
1 0.40736607142857145 0.5970982142857143 0.03794642857142857 0.033482142857142856
1 0.5145089285714286 0.5569196428571429 0.046875 0.015625
1 0.9185267857142857 0.5301339285714286 0.06919642857142858 0.033482142857142856
1 0.984375 0.5189732142857143 0.03125 0.020089285714285716
1 0.859375 0.515625 0.022321428571428572 0.013392857142857142
1 0.5703125 0.5870535714285714 0.078125 0.04017857142857143
0 0.6986607142857143 0.5636160714285714 0.05803571428571429 0.002232142857142857
0 0.7243303571428571 0.578125 0.046875 0.004464285714285714
0 0.9229910714285714 0.6227678571428571 0.09598214285714286 0.004464285714285714
0 0.8727678571428571 0.6082589285714286 0.08482142857142858 0.002232142857142857
0 0.9754464285714286 0.5948660714285714 0.049107142857142856 0.002232142857142857
0 0.8928571428571429 0.5725446428571429 0.0625 0.002232142857142857
0 0.8426339285714286 0.5680803571428571 0.060267857142857144 0.002232142857142857
0 0.9241071428571429 0.5859375 0.08928571428571429 0.002232142857142857
0 0.7678571428571429 0.5591517857142857 0.03571428571428571 0.002232142857142857
0 0.5390625 0.7287946428571429 0.28348214285714285 0.020089285714285716
0 0.5334821428571429 0.6852678571428571 0.20982142857142858 0.013392857142857142
0 0.30580357142857145 0.7042410714285714 0.20089285714285715 0.015625
0 0.23660714285714285 0.7589285714285714 0.25892857142857145 0.017857142857142856
1 0.29464285714285715 0.640625 0.15178571428571427 0.05803571428571429
1 0.5267857142857143 0.6294642857142857 0.125 0.044642857142857144
1 0.052455357142857144 0.6551339285714286 0.060267857142857144 0.05133928571428571
1 0.11383928571428571 0.6450892857142857 0.04017857142857143 0.049107142857142856
1 0.1484375 0.6261160714285714 0.029017857142857144 0.046875
1 0.19196428571428573 0.6104910714285714 0.026785714285714284 0.04241071428571429
1 0.24776785714285715 0.5959821428571429 0.03125 0.03125
1 0.28683035714285715 0.5803571428571429 0.020089285714285716 0.026785714285714284
1 0.40736607142857145 0.5970982142857143 0.03794642857142857 0.033482142857142856
1 0.5145089285714286 0.5569196428571429 0.046875 0.015625
1 0.9185267857142857 0.5301339285714286 0.06919642857142858 0.033482142857142856
1 0.984375 0.5189732142857143 0.03125 0.020089285714285716
1 0.859375 0.515625 0.022321428571428572 0.013392857142857142
1 0.5703125 0.5870535714285714 0.078125 0.04017857142857143
0 0.6986607142857143 0.5636160714285714 0.05803571428571429 0.002232142857142857
0 0.7243303571428571 0.578125 0.046875 0.004464285714285714
0 0.9229910714285714 0.6227678571428571 0.09598214285714286 0.004464285714285714
0 0.8727678571428571 0.6082589285714286 0.08482142857142858 0.002232142857142857
0 0.9754464285714286 0.5948660714285714 0.049107142857142856 0.002232142857142857
0 0.8928571428571429 0.5725446428571429 0.0625 0.002232142857142857
0 0.8426339285714286 0.5680803571428571 0.060267857142857144 0.002232142857142857
0 0.9241071428571429 0.5859375 0.08928571428571429 0.002232142857142857
0 0.7678571428571429 0.5591517857142857 0.03571428571428571 0.002232142857142857
0 0.5390625 0.7287946428571429 0.28348214285714285 0.020089285714285716
0 0.5334821428571429 0.6852678571428571 0.20982142857142858 0.013392857142857142
0 0.30580357142857145 0.7042410714285714 0.20089285714285715 0.015625
0 0.23660714285714285 0.7589285714285714 0.25892857142857145 0.017857142857142856
1 0.29464285714285715 0.640625 0.15178571428571427 0.05803571428571429
1 0.5267857142857143 0.6294642857142857 0.125 0.044642857142857144
1 0.052455357142857144 0.6551339285714286 0.060267857142857144 0.05133928571428571
1 0.11383928571428571 0.6450892857142857 0.04017857142857143 0.049107142857142856
1 0.1484375 0.6261160714285714 0.029017857142857144 0.046875
1 0.19196428571428573 0.6104910714285714 0.026785714285714284 0.04241071428571429
1 0.24776785714285715 0.5959821428571429 0.03125 0.03125
1 0.28683035714285715 0.5803571428571429 0.020089285714285716 0.026785714285714284
1 0.40736607142857145 0.5970982142857143 0.03794642857142857 0.033482142857142856
1 0.5145089285714286 0.5569196428571429 0.046875 0.015625
1 0.9185267857142857 0.5301339285714286 0.06919642857142858 0.033482142857142856
1 0.984375 0.5189732142857143 0.03125 0.020089285714285716
1 0.859375 0.515625 0.022321428571428572 0.013392857142857142
1 0.5703125 0.5870535714285714 0.078125 0.04017857142857143
0 0.6986607142857143 0.5636160714285714 0.05803571428571429 0.002232142857142857
0 0.7243303571428571 0.578125 0.046875 0.004464285714285714
0 0.9229910714285714 0.6227678571428571 0.09598214285714286 0.004464285714285714
0 0.8727678571428571 0.6082589285714286 0.08482142857142858 0.002232142857142857
0 0.9754464285714286 0.5948660714285714 0.049107142857142856 0.002232142857142857
0 0.8928571428571429 0.5725446428571429 0.0625 0.002232142857142857
0 0.8426339285714286 0.5680803571428571 0.060267857142857144 0.002232142857142857
0 0.9241071428571429 0.5859375 0.08928571428571429 0.002232142857142857
0 0.7678571428571429 0.5591517857142857 0.03571428571428571 0.002232142857142857
0 0.5390625 0.7287946428571429 0.28348214285714285 0.020089285714285716
0 0.5334821428571429 0.6852678571428571 0.20982142857142858 0.013392857142857142
0 0.30580357142857145 0.7042410714285714 0.20089285714285715 0.015625
0 0.23660714285714285 0.7589285714285714 0.25892857142857145 0.017857142857142856
1 0.29464285714285715 0.640625 0.15178571428571427 0.05803571428571429
1 0.5267857142857143 0.6294642857142857 0.125 0.044642857142857144
1 0.052455357142857144 0.6551339285714286 0.060267857142857144 0.05133928571428571
1 0.11383928571428571 0.6450892857142857 0.04017857142857143 0.049107142857142856
1 0.1484375 0.6261160714285714 0.029017857142857144 0.046875
1 0.19196428571428573 0.6104910714285714 0.026785714285714284 0.04241071428571429
1 0.24776785714285715 0.5959821428571429 0.03125 0.03125
1 0.28683035714285715 0.5803571428571429 0.020089285714285716 0.026785714285714284
1 0.40736607142857145 0.5970982142857143 0.03794642857142857 0.033482142857142856
1 0.5145089285714286 0.5569196428571429 0.046875 0.015625
1 0.9185267857142857 0.5301339285714286 0.06919642857142858 0.033482142857142856
1 0.984375 0.5189732142857143 0.03125 0.020089285714285716
1 0.859375 0.515625 0.022321428571428572 0.013392857142857142
1 0.5703125 0.5870535714285714 0.078125 0.04017857142857143
0 0.6986607142857143 0.5636160714285714 0.05803571428571429 0.002232142857142857
0 0.7243303571428571 0.578125 0.046875 0.004464285714285714
0 0.9229910714285714 0.6227678571428571 0.09598214285714286 0.004464285714285714
0 0.8727678571428571 0.6082589285714286 0.08482142857142858 0.002232142857142857
0 0.9754464285714286 0.5948660714285714 0.049107142857142856 0.002232142857142857
0 0.8928571428571429 0.5725446428571429 0.0625 0.002232142857142857
0 0.8426339285714286 0.5680803571428571 0.060267857142857144 0.002232142857142857
0 0.9241071428571429 0.5859375 0.08928571428571429 0.002232142857142857
0 0.7678571428571429 0.5591517857142857 0.03571428571428571 0.002232142857142857
0 0.5390625 0.7287946428571429 0.28348214285714285 0.020089285714285716
0 0.5334821428571429 0.6852678571428571 0.20982142857142858 0.013392857142857142
0 0.30580357142857145 0.7042410714285714 0.20089285714285715 0.015625
0 0.23660714285714285 0.7589285714285714 0.25892857142857145 0.017857142857142856
1 0.29464285714285715 0.640625 0.15178571428571427 0.05803571428571429
1 0.5267857142857143 0.6294642857142857 0.125 0.044642857142857144
1 0.052455357142857144 0.6551339285714286 0.060267857142857144 0.05133928571428571
1 0.11383928571428571 0.6450892857142857 0.04017857142857143 0.049107142857142856
1 0.1484375 0.6261160714285714 0.029017857142857144 0.046875
1 0.19196428571428573 0.6104910714285714 0.026785714285714284 0.04241071428571429
1 0.24776785714285715 0.5959821428571429 0.03125 0.03125
1 0.28683035714285715 0.5803571428571429 0.020089285714285716 0.026785714285714284
1 0.40736607142857145 0.5970982142857143 0.03794642857142857 0.033482142857142856
1 0.5145089285714286 0.5569196428571429 0.046875 0.015625
1 0.9185267857142857 0.5301339285714286 0.06919642857142858 0.033482142857142856
1 0.984375 0.5189732142857143 0.03125 0.020089285714285716
1 0.859375 0.515625 0.022321428571428572 0.013392857142857142
1 0.5703125 0.5870535714285714 0.078125 0.04017857142857143
