0 0.3121584821428572 0.8520178571428572 0.27610267857142856 0.17725
0 0.5233705357142857 0.8276830357142858 0.2699553571428571 0.17322321428571427
0 0.45268526785714286 0.7215200892857142 0.17322767857142857 0.06804017857142856
1 0.11147767857142857 0.8174776785714286 0.22295535714285714 0.23316964285714284
0 0.18392187499999998 0.7300000000000001 0.12677232142857142 0.08499999999999999
1 0.30509375 0.6956450892857143 0.13697321428571427 0.15914732142857144
0 0.3002544642857143 0.6093415178571429 0.0469375 0.013325892857142857
1 0.3779933035714286 0.6186607142857143 0.06848660714285713 0.058750000000000004
1 0.4425267857142857 0.62265625 0.08148214285714285 0.057812499999999996
1 0.4989821428571429 0.6074709821428571 0.07832142857142857 0.07208482142857142
1 0.22402678571428572 0.6318973214285714 0.07305357142857143 0.07629464285714285
1 0.15000892857142858 0.6373058035714285 0.08573214285714285 0.06925446428571429
1 0.30208482142857146 0.5852946428571428 0.032741071428571425 0.027732142857142855
1 0.3921071428571428 0.5789062500000001 0.025285714285714283 0.02388392857142857
1 0.33302678571428573 0.5784196428571429 0.032125 0.031839285714285716
1 0.05908035714285714 0.6965066964285713 0.11816071428571429 0.15194196428571427
1 0.565984375 0.6764129464285714 0.14089732142857142 0.12068303571428572
1 0.6677232142857142 0.6667388392857143 0.14794642857142856 0.10133482142857143
1 0.7590915178571428 0.6485223214285715 0.16104017857142858 0.10061607142857143
1 0.6155 0.6084933035714286 0.07028571428571428 0.047343750000000004
1 0.6790133928571428 0.5952991071428572 0.08124107142857143 0.04774107142857143
1 0.5534174107142857 0.5790066964285714 0.053263392857142856 0.03301339285714285
0 0.3121584821428572 0.8520178571428572 0.27610267857142856 0.17725
0 0.5233705357142857 0.8276830357142858 0.2699553571428571 0.17322321428571427
0 0.45268526785714286 0.7215200892857142 0.17322767857142857 0.06804017857142856
1 0.11147767857142857 0.8174776785714286 0.22295535714285714 0.23316964285714284
0 0.18392187499999998 0.7300000000000001 0.12677232142857142 0.08499999999999999
1 0.30509375 0.6956450892857143 0.13697321428571427 0.15914732142857144
0 0.3002544642857143 0.6093415178571429 0.0469375 0.013325892857142857
1 0.3779933035714286 0.6186607142857143 0.06848660714285713 0.058750000000000004
1 0.4425267857142857 0.62265625 0.08148214285714285 0.057812499999999996
1 0.4989821428571429 0.6074709821428571 0.07832142857142857 0.07208482142857142
1 0.22402678571428572 0.6318973214285714 0.07305357142857143 0.07629464285714285
1 0.15000892857142858 0.6373058035714285 0.08573214285714285 0.06925446428571429
1 0.30208482142857146 0.5852946428571428 0.032741071428571425 0.027732142857142855
1 0.3921071428571428 0.5789062500000001 0.025285714285714283 0.02388392857142857
1 0.33302678571428573 0.5784196428571429 0.032125 0.031839285714285716
1 0.05908035714285714 0.6965066964285713 0.11816071428571429 0.15194196428571427
1 0.565984375 0.6764129464285714 0.14089732142857142 0.12068303571428572
1 0.6677232142857142 0.6667388392857143 0.14794642857142856 0.10133482142857143
1 0.7590915178571428 0.6485223214285715 0.16104017857142858 0.10061607142857143
1 0.6155 0.6084933035714286 0.07028571428571428 0.047343750000000004
1 0.6790133928571428 0.5952991071428572 0.08124107142857143 0.04774107142857143
1 0.5534174107142857 0.5790066964285714 0.053263392857142856 0.03301339285714285
0 0.3121584821428572 0.8520178571428572 0.27610267857142856 0.17725
0 0.5233705357142857 0.8276830357142858 0.2699553571428571 0.17322321428571427
0 0.45268526785714286 0.7215200892857142 0.17322767857142857 0.06804017857142856
1 0.11147767857142857 0.8174776785714286 0.22295535714285714 0.23316964285714284
0 0.18392187499999998 0.7300000000000001 0.12677232142857142 0.08499999999999999
1 0.30509375 0.6956450892857143 0.13697321428571427 0.15914732142857144
0 0.3002544642857143 0.6093415178571429 0.0469375 0.013325892857142857
1 0.3779933035714286 0.6186607142857143 0.06848660714285713 0.058750000000000004
1 0.4425267857142857 0.62265625 0.08148214285714285 0.057812499999999996
1 0.4989821428571429 0.6074709821428571 0.07832142857142857 0.07208482142857142
1 0.22402678571428572 0.6318973214285714 0.07305357142857143 0.07629464285714285
1 0.15000892857142858 0.6373058035714285 0.08573214285714285 0.06925446428571429
1 0.30208482142857146 0.5852946428571428 0.032741071428571425 0.027732142857142855
1 0.3921071428571428 0.5789062500000001 0.025285714285714283 0.02388392857142857
1 0.33302678571428573 0.5784196428571429 0.032125 0.031839285714285716
1 0.05908035714285714 0.6965066964285713 0.11816071428571429 0.15194196428571427
1 0.565984375 0.6764129464285714 0.14089732142857142 0.12068303571428572
1 0.6677232142857142 0.6667388392857143 0.14794642857142856 0.10133482142857143
1 0.7590915178571428 0.6485223214285715 0.16104017857142858 0.10061607142857143
1 0.6155 0.6084933035714286 0.07028571428571428 0.047343750000000004
1 0.6790133928571428 0.5952991071428572 0.08124107142857143 0.04774107142857143
1 0.5534174107142857 0.5790066964285714 0.053263392857142856 0.03301339285714285
0 0.3121584821428572 0.8520178571428572 0.27610267857142856 0.17725
0 0.5233705357142857 0.8276830357142858 0.2699553571428571 0.17322321428571427
0 0.45268526785714286 0.7215200892857142 0.17322767857142857 0.06804017857142856
1 0.11147767857142857 0.8174776785714286 0.22295535714285714 0.23316964285714284
0 0.18392187499999998 0.7300000000000001 0.12677232142857142 0.08499999999999999
1 0.30509375 0.6956450892857143 0.13697321428571427 0.15914732142857144
0 0.3002544642857143 0.6093415178571429 0.0469375 0.013325892857142857
1 0.3779933035714286 0.6186607142857143 0.06848660714285713 0.058750000000000004
1 0.4425267857142857 0.62265625 0.08148214285714285 0.057812499999999996
1 0.4989821428571429 0.6074709821428571 0.07832142857142857 0.07208482142857142
1 0.22402678571428572 0.6318973214285714 0.07305357142857143 0.07629464285714285
1 0.15000892857142858 0.6373058035714285 0.08573214285714285 0.06925446428571429
1 0.30208482142857146 0.5852946428571428 0.032741071428571425 0.027732142857142855
1 0.3921071428571428 0.5789062500000001 0.025285714285714283 0.02388392857142857
1 0.33302678571428573 0.5784196428571429 0.032125 0.031839285714285716
1 0.05908035714285714 0.6965066964285713 0.11816071428571429 0.15194196428571427
1 0.565984375 0.6764129464285714 0.14089732142857142 0.12068303571428572
1 0.6677232142857142 0.6667388392857143 0.14794642857142856 0.10133482142857143
1 0.7590915178571428 0.6485223214285715 0.16104017857142858 0.10061607142857143
1 0.6155 0.6084933035714286 0.07028571428571428 0.047343750000000004
1 0.6790133928571428 0.5952991071428572 0.08124107142857143 0.04774107142857143
1 0.5534174107142857 0.5790066964285714 0.053263392857142856 0.03301339285714285
0 0.3121584821428572 0.8520178571428572 0.27610267857142856 0.17725
0 0.5233705357142857 0.8276830357142858 0.2699553571428571 0.17322321428571427
0 0.45268526785714286 0.7215200892857142 0.17322767857142857 0.06804017857142856
1 0.11147767857142857 0.8174776785714286 0.22295535714285714 0.23316964285714284
0 0.18392187499999998 0.7300000000000001 0.12677232142857142 0.08499999999999999
1 0.30509375 0.6956450892857143 0.13697321428571427 0.15914732142857144
0 0.3002544642857143 0.6093415178571429 0.0469375 0.013325892857142857
1 0.3779933035714286 0.6186607142857143 0.06848660714285713 0.058750000000000004
1 0.4425267857142857 0.62265625 0.08148214285714285 0.057812499999999996
1 0.4989821428571429 0.6074709821428571 0.07832142857142857 0.07208482142857142
1 0.22402678571428572 0.6318973214285714 0.07305357142857143 0.07629464285714285
1 0.15000892857142858 0.6373058035714285 0.08573214285714285 0.06925446428571429
1 0.30208482142857146 0.5852946428571428 0.032741071428571425 0.027732142857142855
1 0.3921071428571428 0.5789062500000001 0.025285714285714283 0.02388392857142857
1 0.33302678571428573 0.5784196428571429 0.032125 0.031839285714285716
1 0.05908035714285714 0.6965066964285713 0.11816071428571429 0.15194196428571427
1 0.565984375 0.6764129464285714 0.14089732142857142 0.12068303571428572
1 0.6677232142857142 0.6667388392857143 0.14794642857142856 0.10133482142857143
1 0.7590915178571428 0.6485223214285715 0.16104017857142858 0.10061607142857143
1 0.6155 0.6084933035714286 0.07028571428571428 0.047343750000000004
1 0.6790133928571428 0.5952991071428572 0.08124107142857143 0.04774107142857143
1 0.5534174107142857 0.5790066964285714 0.053263392857142856 0.03301339285714285
