0 0.3589933035714286 0.7257901785714286 0.15548660714285714 0.0319375
0 0.4596183035714286 0.7068950892857143 0.12459374999999999 0.012004464285714287
0 0.28684151785714285 0.7056294642857143 0.10939732142857142 0.009473214285714284
0 0.3778772321428571 0.6971540178571428 0.10396875000000001 0.010379464285714287
0 0.7822633928571429 0.7352633928571429 0.26095535714285717 0.03302678571428571
0 0.6822343750000001 0.7658303571428571 0.30196875 0.04951785714285715
1 0.5213147321428572 0.6803035714285715 0.11405803571428572 0.05703571428571429
1 0.5802142857142857 0.6727410714285714 0.089 0.05083928571428571
1 0.6364508928571428 0.6684196428571428 0.07647321428571428 0.04219642857142857
1 0.6822455357142857 0.6739531249999999 0.06091964285714286 0.044334821428571425
1 0.42842857142857144 0.6756808035714286 0.089 0.047790178571428574
1 0.8150223214285715 0.6867633928571429 0.18361607142857145 0.07888392857142858
1 0.3103705357142857 0.6655290178571428 0.05824107142857143 0.03641517857142857
1 0.9544866071428572 0.7303861607142857 0.08754464285714285 0.18398660714285714
1 0.16955133928571428 0.6674107142857143 0.02660267857142857 0.022321428571428572
1 0.209390625 0.6667901785714285 0.034852678571428576 0.021080357142857144
1 0.3583392857142857 0.6671183035714287 0.03810714285714285 0.03066517857142857
0 0.3589933035714286 0.7257901785714286 0.15548660714285714 0.0319375
0 0.4596183035714286 0.7068950892857143 0.12459374999999999 0.012004464285714287
0 0.28684151785714285 0.7056294642857143 0.10939732142857142 0.009473214285714284
0 0.3778772321428571 0.6971540178571428 0.10396875000000001 0.010379464285714287
0 0.7822633928571429 0.7352633928571429 0.26095535714285717 0.03302678571428571
0 0.6822343750000001 0.7658303571428571 0.30196875 0.04951785714285715
1 0.5213147321428572 0.6803035714285715 0.11405803571428572 0.05703571428571429
1 0.5802142857142857 0.6727410714285714 0.089 0.05083928571428571
1 0.6364508928571428 0.6684196428571428 0.07647321428571428 0.04219642857142857
1 0.6822455357142857 0.6739531249999999 0.06091964285714286 0.044334821428571425
1 0.42842857142857144 0.6756808035714286 0.089 0.047790178571428574
1 0.8150223214285715 0.6867633928571429 0.18361607142857145 0.07888392857142858
1 0.3103705357142857 0.6655290178571428 0.05824107142857143 0.03641517857142857
1 0.9544866071428572 0.7303861607142857 0.08754464285714285 0.18398660714285714
1 0.16955133928571428 0.6674107142857143 0.02660267857142857 0.022321428571428572
1 0.209390625 0.6667901785714285 0.034852678571428576 0.021080357142857144
1 0.3583392857142857 0.6671183035714287 0.03810714285714285 0.03066517857142857
0 0.3589933035714286 0.7257901785714286 0.15548660714285714 0.0319375
0 0.4596183035714286 0.7068950892857143 0.12459374999999999 0.012004464285714287
0 0.28684151785714285 0.7056294642857143 0.10939732142857142 0.009473214285714284
0 0.3778772321428571 0.6971540178571428 0.10396875000000001 0.010379464285714287
0 0.7822633928571429 0.7352633928571429 0.26095535714285717 0.03302678571428571
0 0.6822343750000001 0.7658303571428571 0.30196875 0.04951785714285715
1 0.5213147321428572 0.6803035714285715 0.11405803571428572 0.05703571428571429
1 0.5802142857142857 0.6727410714285714 0.089 0.05083928571428571
1 0.6364508928571428 0.6684196428571428 0.07647321428571428 0.04219642857142857
1 0.6822455357142857 0.6739531249999999 0.06091964285714286 0.044334821428571425
1 0.42842857142857144 0.6756808035714286 0.089 0.047790178571428574
1 0.8150223214285715 0.6867633928571429 0.18361607142857145 0.07888392857142858
1 0.3103705357142857 0.6655290178571428 0.05824107142857143 0.03641517857142857
1 0.9544866071428572 0.7303861607142857 0.08754464285714285 0.18398660714285714
1 0.16955133928571428 0.6674107142857143 0.02660267857142857 0.022321428571428572
1 0.209390625 0.6667901785714285 0.034852678571428576 0.021080357142857144
1 0.3583392857142857 0.6671183035714287 0.03810714285714285 0.03066517857142857
0 0.3589933035714286 0.7257901785714286 0.15548660714285714 0.0319375
0 0.4596183035714286 0.7068950892857143 0.12459374999999999 0.012004464285714287
0 0.28684151785714285 0.7056294642857143 0.10939732142857142 0.009473214285714284
0 0.3778772321428571 0.6971540178571428 0.10396875000000001 0.010379464285714287
0 0.7822633928571429 0.7352633928571429 0.26095535714285717 0.03302678571428571
0 0.6822343750000001 0.7658303571428571 0.30196875 0.04951785714285715
1 0.5213147321428572 0.6803035714285715 0.11405803571428572 0.05703571428571429
1 0.5802142857142857 0.6727410714285714 0.089 0.05083928571428571
1 0.6364508928571428 0.6684196428571428 0.07647321428571428 0.04219642857142857
1 0.6822455357142857 0.6739531249999999 0.06091964285714286 0.044334821428571425
1 0.42842857142857144 0.6756808035714286 0.089 0.047790178571428574
1 0.8150223214285715 0.6867633928571429 0.18361607142857145 0.07888392857142858
1 0.3103705357142857 0.6655290178571428 0.05824107142857143 0.03641517857142857
1 0.9544866071428572 0.7303861607142857 0.08754464285714285 0.18398660714285714
1 0.16955133928571428 0.6674107142857143 0.02660267857142857 0.022321428571428572
1 0.209390625 0.6667901785714285 0.034852678571428576 0.021080357142857144
1 0.3583392857142857 0.6671183035714287 0.03810714285714285 0.03066517857142857
0 0.3589933035714286 0.7257901785714286 0.15548660714285714 0.0319375
0 0.4596183035714286 0.7068950892857143 0.12459374999999999 0.012004464285714287
0 0.28684151785714285 0.7056294642857143 0.10939732142857142 0.009473214285714284
0 0.3778772321428571 0.6971540178571428 0.10396875000000001 0.010379464285714287
0 0.7822633928571429 0.7352633928571429 0.26095535714285717 0.03302678571428571
0 0.6822343750000001 0.7658303571428571 0.30196875 0.04951785714285715
1 0.5213147321428572 0.6803035714285715 0.11405803571428572 0.05703571428571429
1 0.5802142857142857 0.6727410714285714 0.089 0.05083928571428571
1 0.6364508928571428 0.6684196428571428 0.07647321428571428 0.04219642857142857
1 0.6822455357142857 0.6739531249999999 0.06091964285714286 0.044334821428571425
1 0.42842857142857144 0.6756808035714286 0.089 0.047790178571428574
1 0.8150223214285715 0.6867633928571429 0.18361607142857145 0.07888392857142858
1 0.3103705357142857 0.6655290178571428 0.05824107142857143 0.03641517857142857
1 0.9544866071428572 0.7303861607142857 0.08754464285714285 0.18398660714285714
1 0.16955133928571428 0.6674107142857143 0.02660267857142857 0.022321428571428572
1 0.209390625 0.6667901785714285 0.034852678571428576 0.021080357142857144
1 0.3583392857142857 0.6671183035714287 0.03810714285714285 0.03066517857142857
