0 0.6753616071428572 0.6170892857142858 0.27036607142857144 0.06453571428571428
0 0.5877120535714286 0.6042589285714286 0.23792410714285714 0.04780357142857143
0 0.4041629464285714 0.5863683035714286 0.06725446428571429 0.029879464285714284
0 0.8058995535714286 0.579546875 0.14751339285714285 0.04302232142857143
0 0.632638392857143 0.5622700892857143 0.08670535714285714 0.035254464285714285
0 0.3062075892857143 0.5490982142857143 0.07670089285714286 0.017839285714285714
0 0.3204241071428572 0.5575625000000001 0.06049107142857143 0.016910714285714286
1 0.5129129464285714 0.5658013392857143 0.19546875 0.09588839285714286
1 0.41129910714285717 0.5396763392857143 0.1440267857142857 0.07935267857142857
1 0.3143191964285714 0.5216473214285714 0.11970982142857144 0.05222321428571429
1 0.7277254464285715 0.535078125 0.17866517857142858 0.10587053571428572
1 0.6100379464285715 0.5156450892857143 0.13971875 0.08486160714285715
1 0.8846049107142857 0.4876964285714286 0.10849553571428572 0.06467857142857143
1 0.9237901785714285 0.5568504464285714 0.1511517857142857 0.11370089285714287
0 0.6753616071428572 0.6170892857142858 0.27036607142857144 0.06453571428571428
0 0.5877120535714286 0.6042589285714286 0.23792410714285714 0.04780357142857143
0 0.4041629464285714 0.5863683035714286 0.06725446428571429 0.029879464285714284
0 0.8058995535714286 0.579546875 0.14751339285714285 0.04302232142857143
0 0.632638392857143 0.5622700892857143 0.08670535714285714 0.035254464285714285
0 0.3062075892857143 0.5490982142857143 0.07670089285714286 0.017839285714285714
0 0.3204241071428572 0.5575625000000001 0.06049107142857143 0.016910714285714286
1 0.5129129464285714 0.5658013392857143 0.19546875 0.09588839285714286
1 0.41129910714285717 0.5396763392857143 0.1440267857142857 0.07935267857142857
1 0.3143191964285714 0.5216473214285714 0.11970982142857144 0.05222321428571429
1 0.7277254464285715 0.535078125 0.17866517857142858 0.10587053571428572
1 0.6100379464285715 0.5156450892857143 0.13971875 0.08486160714285715
1 0.8846049107142857 0.4876964285714286 0.10849553571428572 0.06467857142857143
1 0.9237901785714285 0.5568504464285714 0.1511517857142857 0.11370089285714287
0 0.6753616071428572 0.6170892857142858 0.27036607142857144 0.06453571428571428
0 0.5877120535714286 0.6042589285714286 0.23792410714285714 0.04780357142857143
0 0.4041629464285714 0.5863683035714286 0.06725446428571429 0.029879464285714284
0 0.8058995535714286 0.579546875 0.14751339285714285 0.04302232142857143
0 0.632638392857143 0.5622700892857143 0.08670535714285714 0.035254464285714285
0 0.3062075892857143 0.5490982142857143 0.07670089285714286 0.017839285714285714
0 0.3204241071428572 0.5575625000000001 0.06049107142857143 0.016910714285714286
1 0.5129129464285714 0.5658013392857143 0.19546875 0.09588839285714286
1 0.41129910714285717 0.5396763392857143 0.1440267857142857 0.07935267857142857
1 0.3143191964285714 0.5216473214285714 0.11970982142857144 0.05222321428571429
1 0.7277254464285715 0.535078125 0.17866517857142858 0.10587053571428572
1 0.6100379464285715 0.5156450892857143 0.13971875 0.08486160714285715
1 0.8846049107142857 0.4876964285714286 0.10849553571428572 0.06467857142857143
1 0.9237901785714285 0.5568504464285714 0.1511517857142857 0.11370089285714287
0 0.6753616071428572 0.6170892857142858 0.27036607142857144 0.06453571428571428
0 0.5877120535714286 0.6042589285714286 0.23792410714285714 0.04780357142857143
0 0.4041629464285714 0.5863683035714286 0.06725446428571429 0.029879464285714284
0 0.8058995535714286 0.579546875 0.14751339285714285 0.04302232142857143
0 0.632638392857143 0.5622700892857143 0.08670535714285714 0.035254464285714285
0 0.3062075892857143 0.5490982142857143 0.07670089285714286 0.017839285714285714
0 0.3204241071428572 0.5575625000000001 0.06049107142857143 0.016910714285714286
1 0.5129129464285714 0.5658013392857143 0.19546875 0.09588839285714286
1 0.41129910714285717 0.5396763392857143 0.1440267857142857 0.07935267857142857
1 0.3143191964285714 0.5216473214285714 0.11970982142857144 0.05222321428571429
1 0.7277254464285715 0.535078125 0.17866517857142858 0.10587053571428572
1 0.6100379464285715 0.5156450892857143 0.13971875 0.08486160714285715
1 0.8846049107142857 0.4876964285714286 0.10849553571428572 0.06467857142857143
1 0.9237901785714285 0.5568504464285714 0.1511517857142857 0.11370089285714287
0 0.6753616071428572 0.6170892857142858 0.27036607142857144 0.06453571428571428
0 0.5877120535714286 0.6042589285714286 0.23792410714285714 0.04780357142857143
0 0.4041629464285714 0.5863683035714286 0.06725446428571429 0.029879464285714284
0 0.8058995535714286 0.579546875 0.14751339285714285 0.04302232142857143
0 0.632638392857143 0.5622700892857143 0.08670535714285714 0.035254464285714285
0 0.3062075892857143 0.5490982142857143 0.07670089285714286 0.017839285714285714
0 0.3204241071428572 0.5575625000000001 0.06049107142857143 0.016910714285714286
1 0.5129129464285714 0.5658013392857143 0.19546875 0.09588839285714286
1 0.41129910714285717 0.5396763392857143 0.1440267857142857 0.07935267857142857
1 0.3143191964285714 0.5216473214285714 0.11970982142857144 0.05222321428571429
1 0.7277254464285715 0.535078125 0.17866517857142858 0.10587053571428572
1 0.6100379464285715 0.5156450892857143 0.13971875 0.08486160714285715
1 0.8846049107142857 0.4876964285714286 0.10849553571428572 0.06467857142857143
1 0.9237901785714285 0.5568504464285714 0.1511517857142857 0.11370089285714287
