1 0.1328035714285714 0.5254821428571429 0.13167857142857142 0.12239285714285715
1 0.26609151785714286 0.5358080357142857 0.13932589285714286 0.11625892857142858
1 0.3570066964285714 0.5227522321428572 0.12472767857142857 0.1080044642857143
1 0.44936607142857143 0.5241316964285715 0.11301785714285714 0.08397767857142857
1 0.5655178571428572 0.5217098214285715 0.13103571428571428 0.07913392857142856
1 0.6251651785714286 0.5186049107142857 0.12533035714285715 0.08185267857142857
1 0.6845089285714286 0.5125357142857142 0.11008928571428571 0.06971428571428571
1 0.5121941964285714 0.8066160714285715 0.50653125 0.3721607142857143
1 0.7910200892857143 0.7809174107142857 0.40346875 0.3564776785714286
1 0.1328035714285714 0.5254821428571429 0.13167857142857142 0.12239285714285715
1 0.26609151785714286 0.5358080357142857 0.13932589285714286 0.11625892857142858
1 0.3570066964285714 0.5227522321428572 0.12472767857142857 0.1080044642857143
1 0.44936607142857143 0.5241316964285715 0.11301785714285714 0.08397767857142857
1 0.5655178571428572 0.5217098214285715 0.13103571428571428 0.07913392857142856
1 0.6251651785714286 0.5186049107142857 0.12533035714285715 0.08185267857142857
1 0.6845089285714286 0.5125357142857142 0.11008928571428571 0.06971428571428571
1 0.5121941964285714 0.8066160714285715 0.50653125 0.3721607142857143
1 0.7910200892857143 0.7809174107142857 0.40346875 0.3564776785714286
1 0.1328035714285714 0.5254821428571429 0.13167857142857142 0.12239285714285715
1 0.26609151785714286 0.5358080357142857 0.13932589285714286 0.11625892857142858
1 0.3570066964285714 0.5227522321428572 0.12472767857142857 0.1080044642857143
1 0.44936607142857143 0.5241316964285715 0.11301785714285714 0.08397767857142857
1 0.5655178571428572 0.5217098214285715 0.13103571428571428 0.07913392857142856
1 0.6251651785714286 0.5186049107142857 0.12533035714285715 0.08185267857142857
1 0.6845089285714286 0.5125357142857142 0.11008928571428571 0.06971428571428571
1 0.5121941964285714 0.8066160714285715 0.50653125 0.3721607142857143
1 0.7910200892857143 0.7809174107142857 0.40346875 0.3564776785714286
1 0.1328035714285714 0.5254821428571429 0.13167857142857142 0.12239285714285715
1 0.26609151785714286 0.5358080357142857 0.13932589285714286 0.11625892857142858
1 0.3570066964285714 0.5227522321428572 0.12472767857142857 0.1080044642857143
1 0.44936607142857143 0.5241316964285715 0.11301785714285714 0.08397767857142857
1 0.5655178571428572 0.5217098214285715 0.13103571428571428 0.07913392857142856
1 0.6251651785714286 0.5186049107142857 0.12533035714285715 0.08185267857142857
1 0.6845089285714286 0.5125357142857142 0.11008928571428571 0.06971428571428571
1 0.5121941964285714 0.8066160714285715 0.50653125 0.3721607142857143
1 0.7910200892857143 0.7809174107142857 0.40346875 0.3564776785714286
1 0.1328035714285714 0.5254821428571429 0.13167857142857142 0.12239285714285715
1 0.26609151785714286 0.5358080357142857 0.13932589285714286 0.11625892857142858
1 0.3570066964285714 0.5227522321428572 0.12472767857142857 0.1080044642857143
1 0.44936607142857143 0.5241316964285715 0.11301785714285714 0.08397767857142857
1 0.5655178571428572 0.5217098214285715 0.13103571428571428 0.07913392857142856
1 0.6251651785714286 0.5186049107142857 0.12533035714285715 0.08185267857142857
1 0.6845089285714286 0.5125357142857142 0.11008928571428571 0.06971428571428571
1 0.5121941964285714 0.8066160714285715 0.50653125 0.3721607142857143
1 0.7910200892857143 0.7809174107142857 0.40346875 0.3564776785714286
