1 0.30779910714285713 0.8213325892857143 0.6066696428571429 0.3480223214285714
1 0.5923169642857143 0.6661383928571428 0.24713392857142855 0.1447767857142857
1 0.30779910714285713 0.8213325892857143 0.6066696428571429 0.3480223214285714
1 0.5923169642857143 0.6661383928571428 0.24713392857142855 0.1447767857142857
1 0.30779910714285713 0.8213325892857143 0.6066696428571429 0.3480223214285714
1 0.5923169642857143 0.6661383928571428 0.24713392857142855 0.1447767857142857
1 0.30779910714285713 0.8213325892857143 0.6066696428571429 0.3480223214285714
1 0.5923169642857143 0.6661383928571428 0.24713392857142855 0.1447767857142857
1 0.30779910714285713 0.8213325892857143 0.6066696428571429 0.3480223214285714
1 0.5923169642857143 0.6661383928571428 0.24713392857142855 0.1447767857142857
