1 0.6640625 0.5066964285714286 0.078125 0.049107142857142856
1 0.6138392857142857 0.49776785714285715 0.03125 0.049107142857142856
1 0.9821428571428571 0.4609375 0.03571428571428571 0.05580357142857143
1 0.9308035714285714 0.4654017857142857 0.05803571428571429 0.046875
1 0.04017857142857143 0.5513392857142857 0.0625 0.05803571428571429
1 0.1015625 0.5301339285714286 0.060267857142857144 0.06919642857142858
1 0.15290178571428573 0.5223214285714286 0.03794642857142857 0.0625
1 0.1953125 0.5167410714285714 0.033482142857142856 0.060267857142857144
1 0.23660714285714285 0.5178571428571429 0.03571428571428571 0.05357142857142857
1 0.34375 0.47098214285714285 0.017857142857142856 0.022321428571428572
1 0.32924107142857145 0.47767857142857145 0.015625 0.017857142857142856
1 0.31138392857142855 0.48214285714285715 0.024553571428571428 0.026785714285714284
1 0.2890625 0.4888392857142857 0.024553571428571428 0.03125
1 0.5133928571428571 0.45982142857142855 0.03571428571428571 0.026785714285714284
0 0.47925446428571433 0.5512678571428571 0.19065178571428573 0.02217857142857143
0 0.48165178571428574 0.5371428571428571 0.15080357142857143 0.020714285714285713
0 0.4705647321428571 0.5269977678571428 0.11077232142857142 0.01828125
0 0.47280803571428576 0.4942834821428571 0.04383035714285714 0.006424107142857143
0 0.47640625000000003 0.488921875 0.059955357142857144 0.004629464285714285
0 0.47422098214285713 0.519375 0.08237053571428572 0.011964285714285715
0 0.4740803571428572 0.5116428571428572 0.08208928571428573 0.014357142857142858
0 0.4776964285714286 0.5057299107142857 0.06253571428571428 0.011459821428571429
0 0.48168973214285715 0.4806383928571428 0.043736607142857147 0.005919642857142858
1 0.7020089285714286 0.44642857142857145 0.046875 0.026785714285714284
0 0.5741875 0.5059754464285714 0.04123214285714286 0.011950892857142858
0 0.5712299107142857 0.4907366071428571 0.04424553571428571 0.008258928571428572
0 0.5700491071428572 0.4959598214285714 0.04188392857142857 0.009776785714285714
0 0.5684598214285714 0.48142633928571427 0.038705357142857146 0.007495535714285714
0 0.570375 0.4860535714285715 0.04253571428571429 0.007821428571428571
0 0.5642232142857143 0.46803348214285717 0.030232142857142857 0.007495535714285714
1 0.6640625 0.5066964285714286 0.078125 0.049107142857142856
1 0.6138392857142857 0.49776785714285715 0.03125 0.049107142857142856
1 0.9821428571428571 0.4609375 0.03571428571428571 0.05580357142857143
1 0.9308035714285714 0.4654017857142857 0.05803571428571429 0.046875
1 0.04017857142857143 0.5513392857142857 0.0625 0.05803571428571429
1 0.1015625 0.5301339285714286 0.060267857142857144 0.06919642857142858
1 0.15290178571428573 0.5223214285714286 0.03794642857142857 0.0625
1 0.1953125 0.5167410714285714 0.033482142857142856 0.060267857142857144
1 0.23660714285714285 0.5178571428571429 0.03571428571428571 0.05357142857142857
1 0.34375 0.47098214285714285 0.017857142857142856 0.022321428571428572
1 0.32924107142857145 0.47767857142857145 0.015625 0.017857142857142856
1 0.31138392857142855 0.48214285714285715 0.024553571428571428 0.026785714285714284
1 0.2890625 0.4888392857142857 0.024553571428571428 0.03125
1 0.5133928571428571 0.45982142857142855 0.03571428571428571 0.026785714285714284
0 0.47925446428571433 0.5512678571428571 0.19065178571428573 0.02217857142857143
0 0.48165178571428574 0.5371428571428571 0.15080357142857143 0.020714285714285713
0 0.4705647321428571 0.5269977678571428 0.11077232142857142 0.01828125
0 0.47280803571428576 0.4942834821428571 0.04383035714285714 0.006424107142857143
0 0.47640625000000003 0.488921875 0.059955357142857144 0.004629464285714285
0 0.47422098214285713 0.519375 0.08237053571428572 0.011964285714285715
0 0.4740803571428572 0.5116428571428572 0.08208928571428573 0.014357142857142858
0 0.4776964285714286 0.5057299107142857 0.06253571428571428 0.011459821428571429
0 0.48168973214285715 0.4806383928571428 0.043736607142857147 0.005919642857142858
1 0.7020089285714286 0.44642857142857145 0.046875 0.026785714285714284
0 0.5741875 0.5059754464285714 0.04123214285714286 0.011950892857142858
0 0.5712299107142857 0.4907366071428571 0.04424553571428571 0.008258928571428572
0 0.5700491071428572 0.4959598214285714 0.04188392857142857 0.009776785714285714
0 0.5684598214285714 0.48142633928571427 0.038705357142857146 0.007495535714285714
0 0.570375 0.4860535714285715 0.04253571428571429 0.007821428571428571
0 0.5642232142857143 0.46803348214285717 0.030232142857142857 0.007495535714285714
1 0.6640625 0.5066964285714286 0.078125 0.049107142857142856
1 0.6138392857142857 0.49776785714285715 0.03125 0.049107142857142856
1 0.9821428571428571 0.4609375 0.03571428571428571 0.05580357142857143
1 0.9308035714285714 0.4654017857142857 0.05803571428571429 0.046875
1 0.04017857142857143 0.5513392857142857 0.0625 0.05803571428571429
1 0.1015625 0.5301339285714286 0.060267857142857144 0.06919642857142858
1 0.15290178571428573 0.5223214285714286 0.03794642857142857 0.0625
1 0.1953125 0.5167410714285714 0.033482142857142856 0.060267857142857144
1 0.23660714285714285 0.5178571428571429 0.03571428571428571 0.05357142857142857
1 0.34375 0.47098214285714285 0.017857142857142856 0.022321428571428572
1 0.32924107142857145 0.47767857142857145 0.015625 0.017857142857142856
1 0.31138392857142855 0.48214285714285715 0.024553571428571428 0.026785714285714284
1 0.2890625 0.4888392857142857 0.024553571428571428 0.03125
1 0.5133928571428571 0.45982142857142855 0.03571428571428571 0.026785714285714284
0 0.47925446428571433 0.5512678571428571 0.19065178571428573 0.02217857142857143
0 0.48165178571428574 0.5371428571428571 0.15080357142857143 0.020714285714285713
0 0.4705647321428571 0.5269977678571428 0.11077232142857142 0.01828125
0 0.47280803571428576 0.4942834821428571 0.04383035714285714 0.006424107142857143
0 0.47640625000000003 0.488921875 0.059955357142857144 0.004629464285714285
0 0.47422098214285713 0.519375 0.08237053571428572 0.011964285714285715
0 0.4740803571428572 0.5116428571428572 0.08208928571428573 0.014357142857142858
0 0.4776964285714286 0.5057299107142857 0.06253571428571428 0.011459821428571429
0 0.48168973214285715 0.4806383928571428 0.043736607142857147 0.005919642857142858
1 0.7020089285714286 0.44642857142857145 0.046875 0.026785714285714284
0 0.5741875 0.5059754464285714 0.04123214285714286 0.011950892857142858
0 0.5712299107142857 0.4907366071428571 0.04424553571428571 0.008258928571428572
0 0.5700491071428572 0.4959598214285714 0.04188392857142857 0.009776785714285714
0 0.5684598214285714 0.48142633928571427 0.038705357142857146 0.007495535714285714
0 0.570375 0.4860535714285715 0.04253571428571429 0.007821428571428571
0 0.5642232142857143 0.46803348214285717 0.030232142857142857 0.007495535714285714
1 0.6640625 0.5066964285714286 0.078125 0.049107142857142856
1 0.6138392857142857 0.49776785714285715 0.03125 0.049107142857142856
1 0.9821428571428571 0.4609375 0.03571428571428571 0.05580357142857143
1 0.9308035714285714 0.4654017857142857 0.05803571428571429 0.046875
1 0.04017857142857143 0.5513392857142857 0.0625 0.05803571428571429
1 0.1015625 0.5301339285714286 0.060267857142857144 0.06919642857142858
1 0.15290178571428573 0.5223214285714286 0.03794642857142857 0.0625
1 0.1953125 0.5167410714285714 0.033482142857142856 0.060267857142857144
1 0.23660714285714285 0.5178571428571429 0.03571428571428571 0.05357142857142857
1 0.34375 0.47098214285714285 0.017857142857142856 0.022321428571428572
1 0.32924107142857145 0.47767857142857145 0.015625 0.017857142857142856
1 0.31138392857142855 0.48214285714285715 0.024553571428571428 0.026785714285714284
1 0.2890625 0.4888392857142857 0.024553571428571428 0.03125
1 0.5133928571428571 0.45982142857142855 0.03571428571428571 0.026785714285714284
0 0.47925446428571433 0.5512678571428571 0.19065178571428573 0.02217857142857143
0 0.48165178571428574 0.5371428571428571 0.15080357142857143 0.020714285714285713
0 0.4705647321428571 0.5269977678571428 0.11077232142857142 0.01828125
0 0.47280803571428576 0.4942834821428571 0.04383035714285714 0.006424107142857143
0 0.47640625000000003 0.488921875 0.059955357142857144 0.004629464285714285
0 0.47422098214285713 0.519375 0.08237053571428572 0.011964285714285715
0 0.4740803571428572 0.5116428571428572 0.08208928571428573 0.014357142857142858
0 0.4776964285714286 0.5057299107142857 0.06253571428571428 0.011459821428571429
0 0.48168973214285715 0.4806383928571428 0.043736607142857147 0.005919642857142858
1 0.7020089285714286 0.44642857142857145 0.046875 0.026785714285714284
0 0.5741875 0.5059754464285714 0.04123214285714286 0.011950892857142858
0 0.5712299107142857 0.4907366071428571 0.04424553571428571 0.008258928571428572
0 0.5700491071428572 0.4959598214285714 0.04188392857142857 0.009776785714285714
0 0.5684598214285714 0.48142633928571427 0.038705357142857146 0.007495535714285714
0 0.570375 0.4860535714285715 0.04253571428571429 0.007821428571428571
0 0.5642232142857143 0.46803348214285717 0.030232142857142857 0.007495535714285714
1 0.6640625 0.5066964285714286 0.078125 0.049107142857142856
1 0.6138392857142857 0.49776785714285715 0.03125 0.049107142857142856
1 0.9821428571428571 0.4609375 0.03571428571428571 0.05580357142857143
1 0.9308035714285714 0.4654017857142857 0.05803571428571429 0.046875
1 0.04017857142857143 0.5513392857142857 0.0625 0.05803571428571429
1 0.1015625 0.5301339285714286 0.060267857142857144 0.06919642857142858
1 0.15290178571428573 0.5223214285714286 0.03794642857142857 0.0625
1 0.1953125 0.5167410714285714 0.033482142857142856 0.060267857142857144
1 0.23660714285714285 0.5178571428571429 0.03571428571428571 0.05357142857142857
1 0.34375 0.47098214285714285 0.017857142857142856 0.022321428571428572
1 0.32924107142857145 0.47767857142857145 0.015625 0.017857142857142856
1 0.31138392857142855 0.48214285714285715 0.024553571428571428 0.026785714285714284
1 0.2890625 0.4888392857142857 0.024553571428571428 0.03125
1 0.5133928571428571 0.45982142857142855 0.03571428571428571 0.026785714285714284
0 0.47925446428571433 0.5512678571428571 0.19065178571428573 0.02217857142857143
0 0.48165178571428574 0.5371428571428571 0.15080357142857143 0.020714285714285713
0 0.4705647321428571 0.5269977678571428 0.11077232142857142 0.01828125
0 0.47280803571428576 0.4942834821428571 0.04383035714285714 0.006424107142857143
0 0.47640625000000003 0.488921875 0.059955357142857144 0.004629464285714285
0 0.47422098214285713 0.519375 0.08237053571428572 0.011964285714285715
0 0.4740803571428572 0.5116428571428572 0.08208928571428573 0.014357142857142858
0 0.4776964285714286 0.5057299107142857 0.06253571428571428 0.011459821428571429
0 0.48168973214285715 0.4806383928571428 0.043736607142857147 0.005919642857142858
1 0.7020089285714286 0.44642857142857145 0.046875 0.026785714285714284
0 0.5741875 0.5059754464285714 0.04123214285714286 0.011950892857142858
0 0.5712299107142857 0.4907366071428571 0.04424553571428571 0.008258928571428572
0 0.5700491071428572 0.4959598214285714 0.04188392857142857 0.009776785714285714
0 0.5684598214285714 0.48142633928571427 0.038705357142857146 0.007495535714285714
0 0.570375 0.4860535714285715 0.04253571428571429 0.007821428571428571
0 0.5642232142857143 0.46803348214285717 0.030232142857142857 0.007495535714285714
