1 0.8716517857142857 0.5915178571428571 0.20758928571428573 0.12946428571428573
1 0.5736607142857143 0.5569196428571429 0.049107142857142856 0.05133928571428571
1 0.625 0.5558035714285714 0.03571428571428571 0.04017857142857143
1 0.3939732142857143 0.5535714285714286 0.029017857142857144 0.026785714285714284
1 0.43080357142857145 0.5535714285714286 0.03125 0.026785714285714284
1 0.6941964285714286 0.5580357142857143 0.04017857142857143 0.03571428571428571
1 0.48214285714285715 0.5569196428571429 0.05357142857142857 0.04241071428571429
1 0.20647321428571427 0.5569196428571429 0.029017857142857144 0.024553571428571428
1 0.23995535714285715 0.5558035714285714 0.024553571428571428 0.022321428571428572
1 0.2734375 0.5546875 0.029017857142857144 0.020089285714285716
1 0.30245535714285715 0.5558035714285714 0.024553571428571428 0.022321428571428572
1 0.32924107142857145 0.5502232142857143 0.015625 0.020089285714285716
0 0.7410714285714286 0.6071428571428571 0.03571428571428571 0.017857142857142856
0 0.6484375 0.6171875 0.08258928571428571 0.020089285714285716
0 0.4107142857142857 0.5959821428571429 0.026785714285714284 0.013392857142857142
0 0.5033482142857143 0.5837053571428571 0.033482142857142856 0.006696428571428571
0 0.35825892857142855 0.5825892857142857 0.020089285714285716 0.013392857142857142
0 0.43080357142857145 0.578125 0.022321428571428572 0.004464285714285714
1 0.8716517857142857 0.5915178571428571 0.20758928571428573 0.12946428571428573
1 0.5736607142857143 0.5569196428571429 0.049107142857142856 0.05133928571428571
1 0.625 0.5558035714285714 0.03571428571428571 0.04017857142857143
1 0.3939732142857143 0.5535714285714286 0.029017857142857144 0.026785714285714284
1 0.43080357142857145 0.5535714285714286 0.03125 0.026785714285714284
1 0.6941964285714286 0.5580357142857143 0.04017857142857143 0.03571428571428571
1 0.48214285714285715 0.5569196428571429 0.05357142857142857 0.04241071428571429
1 0.20647321428571427 0.5569196428571429 0.029017857142857144 0.024553571428571428
1 0.23995535714285715 0.5558035714285714 0.024553571428571428 0.022321428571428572
1 0.2734375 0.5546875 0.029017857142857144 0.020089285714285716
1 0.30245535714285715 0.5558035714285714 0.024553571428571428 0.022321428571428572
1 0.32924107142857145 0.5502232142857143 0.015625 0.020089285714285716
0 0.7410714285714286 0.6071428571428571 0.03571428571428571 0.017857142857142856
0 0.6484375 0.6171875 0.08258928571428571 0.020089285714285716
0 0.4107142857142857 0.5959821428571429 0.026785714285714284 0.013392857142857142
0 0.5033482142857143 0.5837053571428571 0.033482142857142856 0.006696428571428571
0 0.35825892857142855 0.5825892857142857 0.020089285714285716 0.013392857142857142
0 0.43080357142857145 0.578125 0.022321428571428572 0.004464285714285714
1 0.8716517857142857 0.5915178571428571 0.20758928571428573 0.12946428571428573
1 0.5736607142857143 0.5569196428571429 0.049107142857142856 0.05133928571428571
1 0.625 0.5558035714285714 0.03571428571428571 0.04017857142857143
1 0.3939732142857143 0.5535714285714286 0.029017857142857144 0.026785714285714284
1 0.43080357142857145 0.5535714285714286 0.03125 0.026785714285714284
1 0.6941964285714286 0.5580357142857143 0.04017857142857143 0.03571428571428571
1 0.48214285714285715 0.5569196428571429 0.05357142857142857 0.04241071428571429
1 0.20647321428571427 0.5569196428571429 0.029017857142857144 0.024553571428571428
1 0.23995535714285715 0.5558035714285714 0.024553571428571428 0.022321428571428572
1 0.2734375 0.5546875 0.029017857142857144 0.020089285714285716
1 0.30245535714285715 0.5558035714285714 0.024553571428571428 0.022321428571428572
1 0.32924107142857145 0.5502232142857143 0.015625 0.020089285714285716
0 0.7410714285714286 0.6071428571428571 0.03571428571428571 0.017857142857142856
0 0.6484375 0.6171875 0.08258928571428571 0.020089285714285716
0 0.4107142857142857 0.5959821428571429 0.026785714285714284 0.013392857142857142
0 0.5033482142857143 0.5837053571428571 0.033482142857142856 0.006696428571428571
0 0.35825892857142855 0.5825892857142857 0.020089285714285716 0.013392857142857142
0 0.43080357142857145 0.578125 0.022321428571428572 0.004464285714285714
1 0.8716517857142857 0.5915178571428571 0.20758928571428573 0.12946428571428573
1 0.5736607142857143 0.5569196428571429 0.049107142857142856 0.05133928571428571
1 0.625 0.5558035714285714 0.03571428571428571 0.04017857142857143
1 0.3939732142857143 0.5535714285714286 0.029017857142857144 0.026785714285714284
1 0.43080357142857145 0.5535714285714286 0.03125 0.026785714285714284
1 0.6941964285714286 0.5580357142857143 0.04017857142857143 0.03571428571428571
1 0.48214285714285715 0.5569196428571429 0.05357142857142857 0.04241071428571429
1 0.20647321428571427 0.5569196428571429 0.029017857142857144 0.024553571428571428
1 0.23995535714285715 0.5558035714285714 0.024553571428571428 0.022321428571428572
1 0.2734375 0.5546875 0.029017857142857144 0.020089285714285716
1 0.30245535714285715 0.5558035714285714 0.024553571428571428 0.022321428571428572
1 0.32924107142857145 0.5502232142857143 0.015625 0.020089285714285716
0 0.7410714285714286 0.6071428571428571 0.03571428571428571 0.017857142857142856
0 0.6484375 0.6171875 0.08258928571428571 0.020089285714285716
0 0.4107142857142857 0.5959821428571429 0.026785714285714284 0.013392857142857142
0 0.5033482142857143 0.5837053571428571 0.033482142857142856 0.006696428571428571
0 0.35825892857142855 0.5825892857142857 0.020089285714285716 0.013392857142857142
0 0.43080357142857145 0.578125 0.022321428571428572 0.004464285714285714
1 0.8716517857142857 0.5915178571428571 0.20758928571428573 0.12946428571428573
1 0.5736607142857143 0.5569196428571429 0.049107142857142856 0.05133928571428571
1 0.625 0.5558035714285714 0.03571428571428571 0.04017857142857143
1 0.3939732142857143 0.5535714285714286 0.029017857142857144 0.026785714285714284
1 0.43080357142857145 0.5535714285714286 0.03125 0.026785714285714284
1 0.6941964285714286 0.5580357142857143 0.04017857142857143 0.03571428571428571
1 0.48214285714285715 0.5569196428571429 0.05357142857142857 0.04241071428571429
1 0.20647321428571427 0.5569196428571429 0.029017857142857144 0.024553571428571428
1 0.23995535714285715 0.5558035714285714 0.024553571428571428 0.022321428571428572
1 0.2734375 0.5546875 0.029017857142857144 0.020089285714285716
1 0.30245535714285715 0.5558035714285714 0.024553571428571428 0.022321428571428572
1 0.32924107142857145 0.5502232142857143 0.015625 0.020089285714285716
0 0.7410714285714286 0.6071428571428571 0.03571428571428571 0.017857142857142856
0 0.6484375 0.6171875 0.08258928571428571 0.020089285714285716
0 0.4107142857142857 0.5959821428571429 0.026785714285714284 0.013392857142857142
0 0.5033482142857143 0.5837053571428571 0.033482142857142856 0.006696428571428571
0 0.35825892857142855 0.5825892857142857 0.020089285714285716 0.013392857142857142
0 0.43080357142857145 0.578125 0.022321428571428572 0.004464285714285714
