0 0.5133727678571428 0.9097187499999999 0.24995982142857143 0.14979464285714286
0 0.29614285714285715 0.9291294642857143 0.2262142857142857 0.14397321428571427
0 0.30007589285714287 0.8328839285714286 0.15372321428571428 0.10326785714285715
0 0.4404330357142857 0.8118794642857142 0.14872321428571428 0.07911607142857144
0 0.31814062499999995 0.743125 0.07378125 0.021964285714285714
0 0.39113169642857143 0.7354441964285714 0.07690625 0.024459821428571428
0 0.4519375 0.7247098214285714 0.08244642857142857 0.020848214285714286
0 0.244234375 0.7483325892857142 0.08668303571428572 0.023450892857142858
0 0.3171316964285714 0.7237410714285714 0.06283482142857143 0.018910714285714284
0 0.5142098214285714 0.7999955357142857 0.09091964285714285 0.06427678571428572
1 0.32426562500000006 0.6878839285714287 0.04138839285714286 0.03648214285714286
1 0.37803125 0.698861607142857 0.059633928571428574 0.04950892857142857
1 0.4308549107142857 0.6980558035714285 0.04920982142857143 0.04789732142857143
1 0.260265625 0.7053772321428572 0.06517410714285714 0.06254017857142857
1 0.5140133928571429 0.7020937500000001 0.07266964285714285 0.06490178571428572
1 0.6727142857142857 0.8065424107142858 0.2472142857142857 0.21129910714285716
1 0.11717633928571428 0.8902790178571429 0.22542410714285713 0.19127232142857142
1 0.8574308035714286 0.8183392857142857 0.2862901785714286 0.20810714285714285
1 0.5760178571428571 0.695828125 0.07167857142857144 0.05237053571428572
0 0.5133727678571428 0.9097187499999999 0.24995982142857143 0.14979464285714286
0 0.29614285714285715 0.9291294642857143 0.2262142857142857 0.14397321428571427
0 0.30007589285714287 0.8328839285714286 0.15372321428571428 0.10326785714285715
0 0.4404330357142857 0.8118794642857142 0.14872321428571428 0.07911607142857144
0 0.31814062499999995 0.743125 0.07378125 0.021964285714285714
0 0.39113169642857143 0.7354441964285714 0.07690625 0.024459821428571428
0 0.4519375 0.7247098214285714 0.08244642857142857 0.020848214285714286
0 0.244234375 0.7483325892857142 0.08668303571428572 0.023450892857142858
0 0.3171316964285714 0.7237410714285714 0.06283482142857143 0.018910714285714284
0 0.5142098214285714 0.7999955357142857 0.09091964285714285 0.06427678571428572
1 0.32426562500000006 0.6878839285714287 0.04138839285714286 0.03648214285714286
1 0.37803125 0.698861607142857 0.059633928571428574 0.04950892857142857
1 0.4308549107142857 0.6980558035714285 0.04920982142857143 0.04789732142857143
1 0.260265625 0.7053772321428572 0.06517410714285714 0.06254017857142857
1 0.5140133928571429 0.7020937500000001 0.07266964285714285 0.06490178571428572
1 0.6727142857142857 0.8065424107142858 0.2472142857142857 0.21129910714285716
1 0.11717633928571428 0.8902790178571429 0.22542410714285713 0.19127232142857142
1 0.8574308035714286 0.8183392857142857 0.2862901785714286 0.20810714285714285
1 0.5760178571428571 0.695828125 0.07167857142857144 0.05237053571428572
0 0.5133727678571428 0.9097187499999999 0.24995982142857143 0.14979464285714286
0 0.29614285714285715 0.9291294642857143 0.2262142857142857 0.14397321428571427
0 0.30007589285714287 0.8328839285714286 0.15372321428571428 0.10326785714285715
0 0.4404330357142857 0.8118794642857142 0.14872321428571428 0.07911607142857144
0 0.31814062499999995 0.743125 0.07378125 0.021964285714285714
0 0.39113169642857143 0.7354441964285714 0.07690625 0.024459821428571428
0 0.4519375 0.7247098214285714 0.08244642857142857 0.020848214285714286
0 0.244234375 0.7483325892857142 0.08668303571428572 0.023450892857142858
0 0.3171316964285714 0.7237410714285714 0.06283482142857143 0.018910714285714284
0 0.5142098214285714 0.7999955357142857 0.09091964285714285 0.06427678571428572
1 0.32426562500000006 0.6878839285714287 0.04138839285714286 0.03648214285714286
1 0.37803125 0.698861607142857 0.059633928571428574 0.04950892857142857
1 0.4308549107142857 0.6980558035714285 0.04920982142857143 0.04789732142857143
1 0.260265625 0.7053772321428572 0.06517410714285714 0.06254017857142857
1 0.5140133928571429 0.7020937500000001 0.07266964285714285 0.06490178571428572
1 0.6727142857142857 0.8065424107142858 0.2472142857142857 0.21129910714285716
1 0.11717633928571428 0.8902790178571429 0.22542410714285713 0.19127232142857142
1 0.8574308035714286 0.8183392857142857 0.2862901785714286 0.20810714285714285
1 0.5760178571428571 0.695828125 0.07167857142857144 0.05237053571428572
0 0.5133727678571428 0.9097187499999999 0.24995982142857143 0.14979464285714286
0 0.29614285714285715 0.9291294642857143 0.2262142857142857 0.14397321428571427
0 0.30007589285714287 0.8328839285714286 0.15372321428571428 0.10326785714285715
0 0.4404330357142857 0.8118794642857142 0.14872321428571428 0.07911607142857144
0 0.31814062499999995 0.743125 0.07378125 0.021964285714285714
0 0.39113169642857143 0.7354441964285714 0.07690625 0.024459821428571428
0 0.4519375 0.7247098214285714 0.08244642857142857 0.020848214285714286
0 0.244234375 0.7483325892857142 0.08668303571428572 0.023450892857142858
0 0.3171316964285714 0.7237410714285714 0.06283482142857143 0.018910714285714284
0 0.5142098214285714 0.7999955357142857 0.09091964285714285 0.06427678571428572
1 0.32426562500000006 0.6878839285714287 0.04138839285714286 0.03648214285714286
1 0.37803125 0.698861607142857 0.059633928571428574 0.04950892857142857
1 0.4308549107142857 0.6980558035714285 0.04920982142857143 0.04789732142857143
1 0.260265625 0.7053772321428572 0.06517410714285714 0.06254017857142857
1 0.5140133928571429 0.7020937500000001 0.07266964285714285 0.06490178571428572
1 0.6727142857142857 0.8065424107142858 0.2472142857142857 0.21129910714285716
1 0.11717633928571428 0.8902790178571429 0.22542410714285713 0.19127232142857142
1 0.8574308035714286 0.8183392857142857 0.2862901785714286 0.20810714285714285
1 0.5760178571428571 0.695828125 0.07167857142857144 0.05237053571428572
0 0.5133727678571428 0.9097187499999999 0.24995982142857143 0.14979464285714286
0 0.29614285714285715 0.9291294642857143 0.2262142857142857 0.14397321428571427
0 0.30007589285714287 0.8328839285714286 0.15372321428571428 0.10326785714285715
0 0.4404330357142857 0.8118794642857142 0.14872321428571428 0.07911607142857144
0 0.31814062499999995 0.743125 0.07378125 0.021964285714285714
0 0.39113169642857143 0.7354441964285714 0.07690625 0.024459821428571428
0 0.4519375 0.7247098214285714 0.08244642857142857 0.020848214285714286
0 0.244234375 0.7483325892857142 0.08668303571428572 0.023450892857142858
0 0.3171316964285714 0.7237410714285714 0.06283482142857143 0.018910714285714284
0 0.5142098214285714 0.7999955357142857 0.09091964285714285 0.06427678571428572
1 0.32426562500000006 0.6878839285714287 0.04138839285714286 0.03648214285714286
1 0.37803125 0.698861607142857 0.059633928571428574 0.04950892857142857
1 0.4308549107142857 0.6980558035714285 0.04920982142857143 0.04789732142857143
1 0.260265625 0.7053772321428572 0.06517410714285714 0.06254017857142857
1 0.5140133928571429 0.7020937500000001 0.07266964285714285 0.06490178571428572
1 0.6727142857142857 0.8065424107142858 0.2472142857142857 0.21129910714285716
1 0.11717633928571428 0.8902790178571429 0.22542410714285713 0.19127232142857142
1 0.8574308035714286 0.8183392857142857 0.2862901785714286 0.20810714285714285
1 0.5760178571428571 0.695828125 0.07167857142857144 0.05237053571428572
