1 0.24553571428571427 0.6439732142857143 0.0625 0.05580357142857143
1 0.31808035714285715 0.6462053571428571 0.06473214285714286 0.05133928571428571
1 0.3861607142857143 0.6316964285714286 0.05803571428571429 0.04017857142857143
1 0.4486607142857143 0.6316964285714286 0.05803571428571429 0.049107142857142856
1 0.5424107142857143 0.6283482142857143 0.06696428571428571 0.04241071428571429
1 0.5993303571428571 0.6183035714285714 0.05580357142857143 0.049107142857142856
1 0.6640625 0.6127232142857143 0.05133928571428571 0.03794642857142857
1 0.2767857142857143 0.7377232142857143 0.10714285714285714 0.10044642857142858
1 0.39620535714285715 0.7287946428571429 0.11383928571428571 0.10044642857142858
1 0.5111607142857143 0.7154017857142857 0.11160714285714286 0.08258928571428571
1 0.6272321428571429 0.6986607142857143 0.10267857142857142 0.07589285714285714
1 0.7299107142857143 0.6852678571428571 0.12053571428571429 0.09375
1 0.8306160714285714 0.6692924107142858 0.12551785714285715 0.07965625
1 0.24553571428571427 0.6439732142857143 0.0625 0.05580357142857143
1 0.31808035714285715 0.6462053571428571 0.06473214285714286 0.05133928571428571
1 0.3861607142857143 0.6316964285714286 0.05803571428571429 0.04017857142857143
1 0.4486607142857143 0.6316964285714286 0.05803571428571429 0.049107142857142856
1 0.5424107142857143 0.6283482142857143 0.06696428571428571 0.04241071428571429
1 0.5993303571428571 0.6183035714285714 0.05580357142857143 0.049107142857142856
1 0.6640625 0.6127232142857143 0.05133928571428571 0.03794642857142857
1 0.2767857142857143 0.7377232142857143 0.10714285714285714 0.10044642857142858
1 0.39620535714285715 0.7287946428571429 0.11383928571428571 0.10044642857142858
1 0.5111607142857143 0.7154017857142857 0.11160714285714286 0.08258928571428571
1 0.6272321428571429 0.6986607142857143 0.10267857142857142 0.07589285714285714
1 0.7299107142857143 0.6852678571428571 0.12053571428571429 0.09375
1 0.8306160714285714 0.6692924107142858 0.12551785714285715 0.07965625
1 0.24553571428571427 0.6439732142857143 0.0625 0.05580357142857143
1 0.31808035714285715 0.6462053571428571 0.06473214285714286 0.05133928571428571
1 0.3861607142857143 0.6316964285714286 0.05803571428571429 0.04017857142857143
1 0.4486607142857143 0.6316964285714286 0.05803571428571429 0.049107142857142856
1 0.5424107142857143 0.6283482142857143 0.06696428571428571 0.04241071428571429
1 0.5993303571428571 0.6183035714285714 0.05580357142857143 0.049107142857142856
1 0.6640625 0.6127232142857143 0.05133928571428571 0.03794642857142857
1 0.2767857142857143 0.7377232142857143 0.10714285714285714 0.10044642857142858
1 0.39620535714285715 0.7287946428571429 0.11383928571428571 0.10044642857142858
1 0.5111607142857143 0.7154017857142857 0.11160714285714286 0.08258928571428571
1 0.6272321428571429 0.6986607142857143 0.10267857142857142 0.07589285714285714
1 0.7299107142857143 0.6852678571428571 0.12053571428571429 0.09375
1 0.8306160714285714 0.6692924107142858 0.12551785714285715 0.07965625
1 0.24553571428571427 0.6439732142857143 0.0625 0.05580357142857143
1 0.31808035714285715 0.6462053571428571 0.06473214285714286 0.05133928571428571
1 0.3861607142857143 0.6316964285714286 0.05803571428571429 0.04017857142857143
1 0.4486607142857143 0.6316964285714286 0.05803571428571429 0.049107142857142856
1 0.5424107142857143 0.6283482142857143 0.06696428571428571 0.04241071428571429
1 0.5993303571428571 0.6183035714285714 0.05580357142857143 0.049107142857142856
1 0.6640625 0.6127232142857143 0.05133928571428571 0.03794642857142857
1 0.2767857142857143 0.7377232142857143 0.10714285714285714 0.10044642857142858
1 0.39620535714285715 0.7287946428571429 0.11383928571428571 0.10044642857142858
1 0.5111607142857143 0.7154017857142857 0.11160714285714286 0.08258928571428571
1 0.6272321428571429 0.6986607142857143 0.10267857142857142 0.07589285714285714
1 0.7299107142857143 0.6852678571428571 0.12053571428571429 0.09375
1 0.8306160714285714 0.6692924107142858 0.12551785714285715 0.07965625
1 0.24553571428571427 0.6439732142857143 0.0625 0.05580357142857143
1 0.31808035714285715 0.6462053571428571 0.06473214285714286 0.05133928571428571
1 0.3861607142857143 0.6316964285714286 0.05803571428571429 0.04017857142857143
1 0.4486607142857143 0.6316964285714286 0.05803571428571429 0.049107142857142856
1 0.5424107142857143 0.6283482142857143 0.06696428571428571 0.04241071428571429
1 0.5993303571428571 0.6183035714285714 0.05580357142857143 0.049107142857142856
1 0.6640625 0.6127232142857143 0.05133928571428571 0.03794642857142857
1 0.2767857142857143 0.7377232142857143 0.10714285714285714 0.10044642857142858
1 0.39620535714285715 0.7287946428571429 0.11383928571428571 0.10044642857142858
1 0.5111607142857143 0.7154017857142857 0.11160714285714286 0.08258928571428571
1 0.6272321428571429 0.6986607142857143 0.10267857142857142 0.07589285714285714
1 0.7299107142857143 0.6852678571428571 0.12053571428571429 0.09375
1 0.8306160714285714 0.6692924107142858 0.12551785714285715 0.07965625
