0 0.21464732142857143 0.9358504464285715 0.42036607142857146 0.12170089285714285
0 0.3247678571428571 0.8819151785714286 0.3548928571428571 0.06740178571428572
0 0.4052790178571429 0.8518370535714286 0.29270089285714285 0.06081696428571428
0 0.45488169642857146 0.8275781249999999 0.24904910714285713 0.04801339285714286
0 0.500078125 0.812703125 0.21444196428571427 0.04504910714285714
0 0.5343616071428572 0.8018504464285714 0.1937232142857143 0.04120089285714285
1 0.5504241071428572 0.7610647321428571 0.14549107142857146 0.08462946428571429
0 0.21464732142857143 0.9358504464285715 0.42036607142857146 0.12170089285714285
0 0.3247678571428571 0.8819151785714286 0.3548928571428571 0.06740178571428572
0 0.4052790178571429 0.8518370535714286 0.29270089285714285 0.06081696428571428
0 0.45488169642857146 0.8275781249999999 0.24904910714285713 0.04801339285714286
0 0.500078125 0.812703125 0.21444196428571427 0.04504910714285714
0 0.5343616071428572 0.8018504464285714 0.1937232142857143 0.04120089285714285
1 0.5504241071428572 0.7610647321428571 0.14549107142857146 0.08462946428571429
0 0.21464732142857143 0.9358504464285715 0.42036607142857146 0.12170089285714285
0 0.3247678571428571 0.8819151785714286 0.3548928571428571 0.06740178571428572
0 0.4052790178571429 0.8518370535714286 0.29270089285714285 0.06081696428571428
0 0.45488169642857146 0.8275781249999999 0.24904910714285713 0.04801339285714286
0 0.500078125 0.812703125 0.21444196428571427 0.04504910714285714
0 0.5343616071428572 0.8018504464285714 0.1937232142857143 0.04120089285714285
1 0.5504241071428572 0.7610647321428571 0.14549107142857146 0.08462946428571429
0 0.21464732142857143 0.9358504464285715 0.42036607142857146 0.12170089285714285
0 0.3247678571428571 0.8819151785714286 0.3548928571428571 0.06740178571428572
0 0.4052790178571429 0.8518370535714286 0.29270089285714285 0.06081696428571428
0 0.45488169642857146 0.8275781249999999 0.24904910714285713 0.04801339285714286
0 0.500078125 0.812703125 0.21444196428571427 0.04504910714285714
0 0.5343616071428572 0.8018504464285714 0.1937232142857143 0.04120089285714285
1 0.5504241071428572 0.7610647321428571 0.14549107142857146 0.08462946428571429
0 0.21464732142857143 0.9358504464285715 0.42036607142857146 0.12170089285714285
0 0.3247678571428571 0.8819151785714286 0.3548928571428571 0.06740178571428572
0 0.4052790178571429 0.8518370535714286 0.29270089285714285 0.06081696428571428
0 0.45488169642857146 0.8275781249999999 0.24904910714285713 0.04801339285714286
0 0.500078125 0.812703125 0.21444196428571427 0.04504910714285714
0 0.5343616071428572 0.8018504464285714 0.1937232142857143 0.04120089285714285
1 0.5504241071428572 0.7610647321428571 0.14549107142857146 0.08462946428571429
