0 0.5245468750000001 0.73403125 0.1383794642857143 0.048419642857142856
0 0.6645424107142857 0.7099575892857143 0.14158482142857143 0.027058035714285715
0 0.5947165178571429 0.7175491071428571 0.14479017857142856 0.02438392857142857
0 0.2902611607142857 0.6819397321428572 0.07159375 0.01566517857142857
0 0.32116741071428573 0.6787366071428572 0.061977678571428566 0.00925892857142857
0 0.2259263392857143 0.6691651785714285 0.04113839285714286 0.007973214285714287
1 0.43987499999999996 0.6777477678571427 0.11189285714285714 0.06978125
1 0.5615803571428571 0.6706272321428571 0.096375 0.055540178571428574
1 0.6285558035714286 0.667765625 0.07854017857142857 0.04981696428571429
3 0.7788415178571428 0.6656160714285715 0.14696875 0.063375
0 0.5245468750000001 0.73403125 0.1383794642857143 0.048419642857142856
0 0.6645424107142857 0.7099575892857143 0.14158482142857143 0.027058035714285715
0 0.5947165178571429 0.7175491071428571 0.14479017857142856 0.02438392857142857
0 0.2902611607142857 0.6819397321428572 0.07159375 0.01566517857142857
0 0.32116741071428573 0.6787366071428572 0.061977678571428566 0.00925892857142857
0 0.2259263392857143 0.6691651785714285 0.04113839285714286 0.007973214285714287
1 0.43987499999999996 0.6777477678571427 0.11189285714285714 0.06978125
1 0.5615803571428571 0.6706272321428571 0.096375 0.055540178571428574
1 0.6285558035714286 0.667765625 0.07854017857142857 0.04981696428571429
3 0.7788415178571428 0.6656160714285715 0.14696875 0.063375
0 0.5245468750000001 0.73403125 0.1383794642857143 0.048419642857142856
0 0.6645424107142857 0.7099575892857143 0.14158482142857143 0.027058035714285715
0 0.5947165178571429 0.7175491071428571 0.14479017857142856 0.02438392857142857
0 0.2902611607142857 0.6819397321428572 0.07159375 0.01566517857142857
0 0.32116741071428573 0.6787366071428572 0.061977678571428566 0.00925892857142857
0 0.2259263392857143 0.6691651785714285 0.04113839285714286 0.007973214285714287
1 0.43987499999999996 0.6777477678571427 0.11189285714285714 0.06978125
1 0.5615803571428571 0.6706272321428571 0.096375 0.055540178571428574
1 0.6285558035714286 0.667765625 0.07854017857142857 0.04981696428571429
3 0.7788415178571428 0.6656160714285715 0.14696875 0.063375
0 0.5245468750000001 0.73403125 0.1383794642857143 0.048419642857142856
0 0.6645424107142857 0.7099575892857143 0.14158482142857143 0.027058035714285715
0 0.5947165178571429 0.7175491071428571 0.14479017857142856 0.02438392857142857
0 0.2902611607142857 0.6819397321428572 0.07159375 0.01566517857142857
0 0.32116741071428573 0.6787366071428572 0.061977678571428566 0.00925892857142857
0 0.2259263392857143 0.6691651785714285 0.04113839285714286 0.007973214285714287
1 0.43987499999999996 0.6777477678571427 0.11189285714285714 0.06978125
1 0.5615803571428571 0.6706272321428571 0.096375 0.055540178571428574
1 0.6285558035714286 0.667765625 0.07854017857142857 0.04981696428571429
3 0.7788415178571428 0.6656160714285715 0.14696875 0.063375
0 0.5245468750000001 0.73403125 0.1383794642857143 0.048419642857142856
0 0.6645424107142857 0.7099575892857143 0.14158482142857143 0.027058035714285715
0 0.5947165178571429 0.7175491071428571 0.14479017857142856 0.02438392857142857
0 0.2902611607142857 0.6819397321428572 0.07159375 0.01566517857142857
0 0.32116741071428573 0.6787366071428572 0.061977678571428566 0.00925892857142857
0 0.2259263392857143 0.6691651785714285 0.04113839285714286 0.007973214285714287
1 0.43987499999999996 0.6777477678571427 0.11189285714285714 0.06978125
1 0.5615803571428571 0.6706272321428571 0.096375 0.055540178571428574
1 0.6285558035714286 0.667765625 0.07854017857142857 0.04981696428571429
3 0.7788415178571428 0.6656160714285715 0.14696875 0.063375
