1 0.25862723214285716 0.6841584821428571 0.4011830357142857 0.21653125
1 0.45248660714285716 0.6643125000000001 0.15497321428571428 0.15005357142857143
1 0.4860558035714285 0.6456808035714285 0.17746875 0.12171875
1 0.5601540178571429 0.6136316964285714 0.12923660714285715 0.09333482142857143
1 0.6022433035714286 0.5955870535714285 0.12412946428571428 0.08403125
0 0.5616517857142858 0.6633571428571429 0.08758928571428572 0.023142857142857142
1 0.25862723214285716 0.6841584821428571 0.4011830357142857 0.21653125
1 0.45248660714285716 0.6643125000000001 0.15497321428571428 0.15005357142857143
1 0.4860558035714285 0.6456808035714285 0.17746875 0.12171875
1 0.5601540178571429 0.6136316964285714 0.12923660714285715 0.09333482142857143
1 0.6022433035714286 0.5955870535714285 0.12412946428571428 0.08403125
0 0.5616517857142858 0.6633571428571429 0.08758928571428572 0.023142857142857142
1 0.25862723214285716 0.6841584821428571 0.4011830357142857 0.21653125
1 0.45248660714285716 0.6643125000000001 0.15497321428571428 0.15005357142857143
1 0.4860558035714285 0.6456808035714285 0.17746875 0.12171875
1 0.5601540178571429 0.6136316964285714 0.12923660714285715 0.09333482142857143
1 0.6022433035714286 0.5955870535714285 0.12412946428571428 0.08403125
0 0.5616517857142858 0.6633571428571429 0.08758928571428572 0.023142857142857142
1 0.25862723214285716 0.6841584821428571 0.4011830357142857 0.21653125
1 0.45248660714285716 0.6643125000000001 0.15497321428571428 0.15005357142857143
1 0.4860558035714285 0.6456808035714285 0.17746875 0.12171875
1 0.5601540178571429 0.6136316964285714 0.12923660714285715 0.09333482142857143
1 0.6022433035714286 0.5955870535714285 0.12412946428571428 0.08403125
0 0.5616517857142858 0.6633571428571429 0.08758928571428572 0.023142857142857142
1 0.25862723214285716 0.6841584821428571 0.4011830357142857 0.21653125
1 0.45248660714285716 0.6643125000000001 0.15497321428571428 0.15005357142857143
1 0.4860558035714285 0.6456808035714285 0.17746875 0.12171875
1 0.5601540178571429 0.6136316964285714 0.12923660714285715 0.09333482142857143
1 0.6022433035714286 0.5955870535714285 0.12412946428571428 0.08403125
0 0.5616517857142858 0.6633571428571429 0.08758928571428572 0.023142857142857142
