0 0.8543147321428571 0.7271830357142858 0.2889866071428572 0.08829464285714285
0 0.6229575892857142 0.7020491071428572 0.15662946428571428 0.038026785714285714
0 0.5544084821428571 0.6899218749999999 0.19810267857142858 0.03162946428571429
0 0.5891116071428572 0.6926160714285714 0.19608035714285713 0.037017857142857144
0 0.4861495535714286 0.6826138392857143 0.1687276785714286 0.025941964285714287
0 0.5135200892857144 0.6839285714285713 0.17882589285714287 0.028571428571428574
1 0.4516517857142857 0.6601116071428572 0.15330357142857146 0.06129464285714286
1 0.36137053571428573 0.6662254464285714 0.10666964285714285 0.04673660714285714
1 0.31839508928571425 0.6683325892857143 0.06536160714285714 0.04202232142857143
1 0.761921875 0.664234375 0.29170089285714285 0.14096875
1 0.9296116071428572 0.6670267857142856 0.10029464285714286 0.039410714285714285
0 0.8543147321428571 0.7271830357142858 0.2889866071428572 0.08829464285714285
0 0.6229575892857142 0.7020491071428572 0.15662946428571428 0.038026785714285714
0 0.5544084821428571 0.6899218749999999 0.19810267857142858 0.03162946428571429
0 0.5891116071428572 0.6926160714285714 0.19608035714285713 0.037017857142857144
0 0.4861495535714286 0.6826138392857143 0.1687276785714286 0.025941964285714287
0 0.5135200892857144 0.6839285714285713 0.17882589285714287 0.028571428571428574
1 0.4516517857142857 0.6601116071428572 0.15330357142857146 0.06129464285714286
1 0.36137053571428573 0.6662254464285714 0.10666964285714285 0.04673660714285714
1 0.31839508928571425 0.6683325892857143 0.06536160714285714 0.04202232142857143
1 0.761921875 0.664234375 0.29170089285714285 0.14096875
1 0.9296116071428572 0.6670267857142856 0.10029464285714286 0.039410714285714285
0 0.8543147321428571 0.7271830357142858 0.2889866071428572 0.08829464285714285
0 0.6229575892857142 0.7020491071428572 0.15662946428571428 0.038026785714285714
0 0.5544084821428571 0.6899218749999999 0.19810267857142858 0.03162946428571429
0 0.5891116071428572 0.6926160714285714 0.19608035714285713 0.037017857142857144
0 0.4861495535714286 0.6826138392857143 0.1687276785714286 0.025941964285714287
0 0.5135200892857144 0.6839285714285713 0.17882589285714287 0.028571428571428574
1 0.4516517857142857 0.6601116071428572 0.15330357142857146 0.06129464285714286
1 0.36137053571428573 0.6662254464285714 0.10666964285714285 0.04673660714285714
1 0.31839508928571425 0.6683325892857143 0.06536160714285714 0.04202232142857143
1 0.761921875 0.664234375 0.29170089285714285 0.14096875
1 0.9296116071428572 0.6670267857142856 0.10029464285714286 0.039410714285714285
0 0.8543147321428571 0.7271830357142858 0.2889866071428572 0.08829464285714285
0 0.6229575892857142 0.7020491071428572 0.15662946428571428 0.038026785714285714
0 0.5544084821428571 0.6899218749999999 0.19810267857142858 0.03162946428571429
0 0.5891116071428572 0.6926160714285714 0.19608035714285713 0.037017857142857144
0 0.4861495535714286 0.6826138392857143 0.1687276785714286 0.025941964285714287
0 0.5135200892857144 0.6839285714285713 0.17882589285714287 0.028571428571428574
1 0.4516517857142857 0.6601116071428572 0.15330357142857146 0.06129464285714286
1 0.36137053571428573 0.6662254464285714 0.10666964285714285 0.04673660714285714
1 0.31839508928571425 0.6683325892857143 0.06536160714285714 0.04202232142857143
1 0.761921875 0.664234375 0.29170089285714285 0.14096875
1 0.9296116071428572 0.6670267857142856 0.10029464285714286 0.039410714285714285
0 0.8543147321428571 0.7271830357142858 0.2889866071428572 0.08829464285714285
0 0.6229575892857142 0.7020491071428572 0.15662946428571428 0.038026785714285714
0 0.5544084821428571 0.6899218749999999 0.19810267857142858 0.03162946428571429
0 0.5891116071428572 0.6926160714285714 0.19608035714285713 0.037017857142857144
0 0.4861495535714286 0.6826138392857143 0.1687276785714286 0.025941964285714287
0 0.5135200892857144 0.6839285714285713 0.17882589285714287 0.028571428571428574
1 0.4516517857142857 0.6601116071428572 0.15330357142857146 0.06129464285714286
1 0.36137053571428573 0.6662254464285714 0.10666964285714285 0.04673660714285714
1 0.31839508928571425 0.6683325892857143 0.06536160714285714 0.04202232142857143
1 0.761921875 0.664234375 0.29170089285714285 0.14096875
1 0.9296116071428572 0.6670267857142856 0.10029464285714286 0.039410714285714285
