1 0.203125 0.5345982142857143 0.07589285714285714 0.060267857142857144
1 0.2857142857142857 0.5357142857142857 0.07142857142857142 0.044642857142857144
1 0.35267857142857145 0.53125 0.07142857142857142 0.05357142857142857
1 0.41517857142857145 0.5279017857142857 0.07142857142857142 0.046875
1 0.5133928571428571 0.53125 0.07142857142857142 0.044642857142857144
1 0.6171875 0.5078125 0.05580357142857143 0.05133928571428571
1 0.22879464285714285 0.6305803571428571 0.11830357142857142 0.10044642857142858
1 0.3560267857142857 0.6261160714285714 0.11383928571428571 0.09151785714285714
1 0.46763392857142855 0.6060267857142857 0.10491071428571429 0.08705357142857142
1 0.5803571428571429 0.5959821428571429 0.10714285714285714 0.07589285714285714
1 0.7109375 0.5758928571428571 0.11830357142857142 0.09821428571428571
1 0.203125 0.5345982142857143 0.07589285714285714 0.060267857142857144
1 0.2857142857142857 0.5357142857142857 0.07142857142857142 0.044642857142857144
1 0.35267857142857145 0.53125 0.07142857142857142 0.05357142857142857
1 0.41517857142857145 0.5279017857142857 0.07142857142857142 0.046875
1 0.5133928571428571 0.53125 0.07142857142857142 0.044642857142857144
1 0.6171875 0.5078125 0.05580357142857143 0.05133928571428571
1 0.22879464285714285 0.6305803571428571 0.11830357142857142 0.10044642857142858
1 0.3560267857142857 0.6261160714285714 0.11383928571428571 0.09151785714285714
1 0.46763392857142855 0.6060267857142857 0.10491071428571429 0.08705357142857142
1 0.5803571428571429 0.5959821428571429 0.10714285714285714 0.07589285714285714
1 0.7109375 0.5758928571428571 0.11830357142857142 0.09821428571428571
1 0.203125 0.5345982142857143 0.07589285714285714 0.060267857142857144
1 0.2857142857142857 0.5357142857142857 0.07142857142857142 0.044642857142857144
1 0.35267857142857145 0.53125 0.07142857142857142 0.05357142857142857
1 0.41517857142857145 0.5279017857142857 0.07142857142857142 0.046875
1 0.5133928571428571 0.53125 0.07142857142857142 0.044642857142857144
1 0.6171875 0.5078125 0.05580357142857143 0.05133928571428571
1 0.22879464285714285 0.6305803571428571 0.11830357142857142 0.10044642857142858
1 0.3560267857142857 0.6261160714285714 0.11383928571428571 0.09151785714285714
1 0.46763392857142855 0.6060267857142857 0.10491071428571429 0.08705357142857142
1 0.5803571428571429 0.5959821428571429 0.10714285714285714 0.07589285714285714
1 0.7109375 0.5758928571428571 0.11830357142857142 0.09821428571428571
1 0.203125 0.5345982142857143 0.07589285714285714 0.060267857142857144
1 0.2857142857142857 0.5357142857142857 0.07142857142857142 0.044642857142857144
1 0.35267857142857145 0.53125 0.07142857142857142 0.05357142857142857
1 0.41517857142857145 0.5279017857142857 0.07142857142857142 0.046875
1 0.5133928571428571 0.53125 0.07142857142857142 0.044642857142857144
1 0.6171875 0.5078125 0.05580357142857143 0.05133928571428571
1 0.22879464285714285 0.6305803571428571 0.11830357142857142 0.10044642857142858
1 0.3560267857142857 0.6261160714285714 0.11383928571428571 0.09151785714285714
1 0.46763392857142855 0.6060267857142857 0.10491071428571429 0.08705357142857142
1 0.5803571428571429 0.5959821428571429 0.10714285714285714 0.07589285714285714
1 0.7109375 0.5758928571428571 0.11830357142857142 0.09821428571428571
1 0.203125 0.5345982142857143 0.07589285714285714 0.060267857142857144
1 0.2857142857142857 0.5357142857142857 0.07142857142857142 0.044642857142857144
1 0.35267857142857145 0.53125 0.07142857142857142 0.05357142857142857
1 0.41517857142857145 0.5279017857142857 0.07142857142857142 0.046875
1 0.5133928571428571 0.53125 0.07142857142857142 0.044642857142857144
1 0.6171875 0.5078125 0.05580357142857143 0.05133928571428571
1 0.22879464285714285 0.6305803571428571 0.11830357142857142 0.10044642857142858
1 0.3560267857142857 0.6261160714285714 0.11383928571428571 0.09151785714285714
1 0.46763392857142855 0.6060267857142857 0.10491071428571429 0.08705357142857142
1 0.5803571428571429 0.5959821428571429 0.10714285714285714 0.07589285714285714
1 0.7109375 0.5758928571428571 0.11830357142857142 0.09821428571428571
