1 0.10696205357142856 0.7702723214285714 0.17820982142857142 0.1476875
1 0.2320357142857143 0.7373616071428571 0.12478571428571429 0.10865178571428571
1 0.30673214285714284 0.7033750000000001 0.1491785714285714 0.11210714285714285
1 0.39182812499999997 0.6834263392857143 0.10508482142857144 0.08113839285714286
1 0.47968973214285715 0.6556651785714286 0.12009375 0.06133035714285714
1 0.5729486607142856 0.6224531249999999 0.10125446428571429 0.06633482142857143
1 0.6262209821428572 0.8823794642857142 0.4220848214285714 0.22904464285714285
1 0.7897857142857143 0.8401160714285715 0.2849285714285714 0.24273214285714287
1 0.8086138392857143 0.7509017857142857 0.3047276785714286 0.1446607142857143
1 0.8785669642857143 0.664890625 0.22141964285714286 0.08870982142857142
1 0.9106607142857143 0.621455357142857 0.1695357142857143 0.06433928571428572
1 0.10696205357142856 0.7702723214285714 0.17820982142857142 0.1476875
1 0.2320357142857143 0.7373616071428571 0.12478571428571429 0.10865178571428571
1 0.30673214285714284 0.7033750000000001 0.1491785714285714 0.11210714285714285
1 0.39182812499999997 0.6834263392857143 0.10508482142857144 0.08113839285714286
1 0.47968973214285715 0.6556651785714286 0.12009375 0.06133035714285714
1 0.5729486607142856 0.6224531249999999 0.10125446428571429 0.06633482142857143
1 0.6262209821428572 0.8823794642857142 0.4220848214285714 0.22904464285714285
1 0.7897857142857143 0.8401160714285715 0.2849285714285714 0.24273214285714287
1 0.8086138392857143 0.7509017857142857 0.3047276785714286 0.1446607142857143
1 0.8785669642857143 0.664890625 0.22141964285714286 0.08870982142857142
1 0.9106607142857143 0.621455357142857 0.1695357142857143 0.06433928571428572
1 0.10696205357142856 0.7702723214285714 0.17820982142857142 0.1476875
1 0.2320357142857143 0.7373616071428571 0.12478571428571429 0.10865178571428571
1 0.30673214285714284 0.7033750000000001 0.1491785714285714 0.11210714285714285
1 0.39182812499999997 0.6834263392857143 0.10508482142857144 0.08113839285714286
1 0.47968973214285715 0.6556651785714286 0.12009375 0.06133035714285714
1 0.5729486607142856 0.6224531249999999 0.10125446428571429 0.06633482142857143
1 0.6262209821428572 0.8823794642857142 0.4220848214285714 0.22904464285714285
1 0.7897857142857143 0.8401160714285715 0.2849285714285714 0.24273214285714287
1 0.8086138392857143 0.7509017857142857 0.3047276785714286 0.1446607142857143
1 0.8785669642857143 0.664890625 0.22141964285714286 0.08870982142857142
1 0.9106607142857143 0.621455357142857 0.1695357142857143 0.06433928571428572
1 0.10696205357142856 0.7702723214285714 0.17820982142857142 0.1476875
1 0.2320357142857143 0.7373616071428571 0.12478571428571429 0.10865178571428571
1 0.30673214285714284 0.7033750000000001 0.1491785714285714 0.11210714285714285
1 0.39182812499999997 0.6834263392857143 0.10508482142857144 0.08113839285714286
1 0.47968973214285715 0.6556651785714286 0.12009375 0.06133035714285714
1 0.5729486607142856 0.6224531249999999 0.10125446428571429 0.06633482142857143
1 0.6262209821428572 0.8823794642857142 0.4220848214285714 0.22904464285714285
1 0.7897857142857143 0.8401160714285715 0.2849285714285714 0.24273214285714287
1 0.8086138392857143 0.7509017857142857 0.3047276785714286 0.1446607142857143
1 0.8785669642857143 0.664890625 0.22141964285714286 0.08870982142857142
1 0.9106607142857143 0.621455357142857 0.1695357142857143 0.06433928571428572
1 0.10696205357142856 0.7702723214285714 0.17820982142857142 0.1476875
1 0.2320357142857143 0.7373616071428571 0.12478571428571429 0.10865178571428571
1 0.30673214285714284 0.7033750000000001 0.1491785714285714 0.11210714285714285
1 0.39182812499999997 0.6834263392857143 0.10508482142857144 0.08113839285714286
1 0.47968973214285715 0.6556651785714286 0.12009375 0.06133035714285714
1 0.5729486607142856 0.6224531249999999 0.10125446428571429 0.06633482142857143
1 0.6262209821428572 0.8823794642857142 0.4220848214285714 0.22904464285714285
1 0.7897857142857143 0.8401160714285715 0.2849285714285714 0.24273214285714287
1 0.8086138392857143 0.7509017857142857 0.3047276785714286 0.1446607142857143
1 0.8785669642857143 0.664890625 0.22141964285714286 0.08870982142857142
1 0.9106607142857143 0.621455357142857 0.1695357142857143 0.06433928571428572
