1 0.5384174107142857 0.7241339285714286 0.18397767857142858 0.091125
1 0.4330357142857143 0.7237656250000001 0.09821428571428571 0.06360267857142857
1 0.385140625 0.7172834821428572 0.10063839285714285 0.059566964285714286
1 0.3409084821428571 0.6925535714285714 0.09253125 0.04582142857142857
1 0.6645312499999999 0.6832276785714286 0.09691964285714286 0.045026785714285714
1 0.056042410714285715 0.7733526785714285 0.10315624999999999 0.11813392857142857
0 0.3307857142857143 0.7192566964285714 0.07228571428571429 0.018870535714285715
1 0.29187946428571426 0.686890625 0.05697321428571429 0.034495535714285715
1 0.26016741071428573 0.6755870535714286 0.06497767857142857 0.029745535714285714
1 0.9452745535714285 0.7048816964285713 0.06912053571428571 0.04369196428571429
1 0.8006584821428572 0.6877522321428572 0.07453125000000001 0.03621875
1 0.7558035714285715 0.6890758928571429 0.029464285714285714 0.03886607142857142
1 0.605875 0.6774709821428572 0.05103571428571429 0.03351339285714285
0 0.8314486607142857 0.7247120535714285 0.10932589285714286 0.011924107142857143
0 0.8715624999999999 0.7316049107142858 0.09133928571428572 0.01678125
0 0.7779955357142858 0.7191450892857143 0.10063392857142858 0.00971875
0 0.7400066964285715 0.7151205357142858 0.09608482142857143 0.010598214285714285
0 0.8565959821428571 0.710859375 0.10604910714285713 0.011004464285714286
1 0.5384174107142857 0.7241339285714286 0.18397767857142858 0.091125
1 0.4330357142857143 0.7237656250000001 0.09821428571428571 0.06360267857142857
1 0.385140625 0.7172834821428572 0.10063839285714285 0.059566964285714286
1 0.3409084821428571 0.6925535714285714 0.09253125 0.04582142857142857
1 0.6645312499999999 0.6832276785714286 0.09691964285714286 0.045026785714285714
1 0.056042410714285715 0.7733526785714285 0.10315624999999999 0.11813392857142857
0 0.3307857142857143 0.7192566964285714 0.07228571428571429 0.018870535714285715
1 0.29187946428571426 0.686890625 0.05697321428571429 0.034495535714285715
1 0.26016741071428573 0.6755870535714286 0.06497767857142857 0.029745535714285714
1 0.9452745535714285 0.7048816964285713 0.06912053571428571 0.04369196428571429
1 0.8006584821428572 0.6877522321428572 0.07453125000000001 0.03621875
1 0.7558035714285715 0.6890758928571429 0.029464285714285714 0.03886607142857142
1 0.605875 0.6774709821428572 0.05103571428571429 0.03351339285714285
0 0.8314486607142857 0.7247120535714285 0.10932589285714286 0.011924107142857143
0 0.8715624999999999 0.7316049107142858 0.09133928571428572 0.01678125
0 0.7779955357142858 0.7191450892857143 0.10063392857142858 0.00971875
0 0.7400066964285715 0.7151205357142858 0.09608482142857143 0.010598214285714285
0 0.8565959821428571 0.710859375 0.10604910714285713 0.011004464285714286
1 0.5384174107142857 0.7241339285714286 0.18397767857142858 0.091125
1 0.4330357142857143 0.7237656250000001 0.09821428571428571 0.06360267857142857
1 0.385140625 0.7172834821428572 0.10063839285714285 0.059566964285714286
1 0.3409084821428571 0.6925535714285714 0.09253125 0.04582142857142857
1 0.6645312499999999 0.6832276785714286 0.09691964285714286 0.045026785714285714
1 0.056042410714285715 0.7733526785714285 0.10315624999999999 0.11813392857142857
0 0.3307857142857143 0.7192566964285714 0.07228571428571429 0.018870535714285715
1 0.29187946428571426 0.686890625 0.05697321428571429 0.034495535714285715
1 0.26016741071428573 0.6755870535714286 0.06497767857142857 0.029745535714285714
1 0.9452745535714285 0.7048816964285713 0.06912053571428571 0.04369196428571429
1 0.8006584821428572 0.6877522321428572 0.07453125000000001 0.03621875
1 0.7558035714285715 0.6890758928571429 0.029464285714285714 0.03886607142857142
1 0.605875 0.6774709821428572 0.05103571428571429 0.03351339285714285
0 0.8314486607142857 0.7247120535714285 0.10932589285714286 0.011924107142857143
0 0.8715624999999999 0.7316049107142858 0.09133928571428572 0.01678125
0 0.7779955357142858 0.7191450892857143 0.10063392857142858 0.00971875
0 0.7400066964285715 0.7151205357142858 0.09608482142857143 0.010598214285714285
0 0.8565959821428571 0.710859375 0.10604910714285713 0.011004464285714286
1 0.5384174107142857 0.7241339285714286 0.18397767857142858 0.091125
1 0.4330357142857143 0.7237656250000001 0.09821428571428571 0.06360267857142857
1 0.385140625 0.7172834821428572 0.10063839285714285 0.059566964285714286
1 0.3409084821428571 0.6925535714285714 0.09253125 0.04582142857142857
1 0.6645312499999999 0.6832276785714286 0.09691964285714286 0.045026785714285714
1 0.056042410714285715 0.7733526785714285 0.10315624999999999 0.11813392857142857
0 0.3307857142857143 0.7192566964285714 0.07228571428571429 0.018870535714285715
1 0.29187946428571426 0.686890625 0.05697321428571429 0.034495535714285715
1 0.26016741071428573 0.6755870535714286 0.06497767857142857 0.029745535714285714
1 0.9452745535714285 0.7048816964285713 0.06912053571428571 0.04369196428571429
1 0.8006584821428572 0.6877522321428572 0.07453125000000001 0.03621875
1 0.7558035714285715 0.6890758928571429 0.029464285714285714 0.03886607142857142
1 0.605875 0.6774709821428572 0.05103571428571429 0.03351339285714285
0 0.8314486607142857 0.7247120535714285 0.10932589285714286 0.011924107142857143
0 0.8715624999999999 0.7316049107142858 0.09133928571428572 0.01678125
0 0.7779955357142858 0.7191450892857143 0.10063392857142858 0.00971875
0 0.7400066964285715 0.7151205357142858 0.09608482142857143 0.010598214285714285
0 0.8565959821428571 0.710859375 0.10604910714285713 0.011004464285714286
1 0.5384174107142857 0.7241339285714286 0.18397767857142858 0.091125
1 0.4330357142857143 0.7237656250000001 0.09821428571428571 0.06360267857142857
1 0.385140625 0.7172834821428572 0.10063839285714285 0.059566964285714286
1 0.3409084821428571 0.6925535714285714 0.09253125 0.04582142857142857
1 0.6645312499999999 0.6832276785714286 0.09691964285714286 0.045026785714285714
1 0.056042410714285715 0.7733526785714285 0.10315624999999999 0.11813392857142857
0 0.3307857142857143 0.7192566964285714 0.07228571428571429 0.018870535714285715
1 0.29187946428571426 0.686890625 0.05697321428571429 0.034495535714285715
1 0.26016741071428573 0.6755870535714286 0.06497767857142857 0.029745535714285714
1 0.9452745535714285 0.7048816964285713 0.06912053571428571 0.04369196428571429
1 0.8006584821428572 0.6877522321428572 0.07453125000000001 0.03621875
1 0.7558035714285715 0.6890758928571429 0.029464285714285714 0.03886607142857142
1 0.605875 0.6774709821428572 0.05103571428571429 0.03351339285714285
0 0.8314486607142857 0.7247120535714285 0.10932589285714286 0.011924107142857143
0 0.8715624999999999 0.7316049107142858 0.09133928571428572 0.01678125
0 0.7779955357142858 0.7191450892857143 0.10063392857142858 0.00971875
0 0.7400066964285715 0.7151205357142858 0.09608482142857143 0.010598214285714285
0 0.8565959821428571 0.710859375 0.10604910714285713 0.011004464285714286
