1 0.53509375 0.7203214285714286 0.11483035714285715 0.10135714285714285
1 0.41483258928571426 0.7447321428571428 0.15109375 0.10553571428571429
1 0.3185580357142857 0.7547254464285714 0.15497321428571428 0.11659375000000001
0 0.18145982142857142 0.796515625 0.1932767857142857 0.09303125
1 0.10712723214285715 0.7792455357142857 0.18746875000000002 0.12991964285714286
1 0.6326741071428571 0.6522366071428571 0.05999107142857143 0.04554464285714286
1 0.7065111607142857 0.6345848214285714 0.07373660714285714 0.06381250000000001
1 0.50053125 0.6522433035714286 0.07249107142857143 0.06341517857142857
1 0.4397745535714286 0.6704553571428571 0.058120535714285715 0.03733928571428572
1 0.37375223214285713 0.6748816964285714 0.06893303571428572 0.05512053571428571
0 0.5746607142857142 0.6595535714285715 0.06003571428571429 0.015535714285714286
0 0.5803013392857144 0.6312120535714286 0.04453125 0.021352678571428575
0 0.5470200892857143 0.6339174107142858 0.04046875 0.008906250000000001
0 0.621578125 0.6274308035714286 0.03779910714285715 0.013790178571428571
1 0.5916808035714285 0.6085133928571428 0.03157589285714286 0.020598214285714286
1 0.560015625 0.6123861607142856 0.03074553571428571 0.019415178571428573
1 0.6153370535714285 0.6026383928571429 0.034245535714285714 0.017776785714285714
1 0.5297299107142857 0.6118660714285714 0.023745535714285716 0.018375
1 0.6477142857142857 0.5990624999999999 0.027571428571428573 0.019553571428571427
1 0.53509375 0.7203214285714286 0.11483035714285715 0.10135714285714285
1 0.41483258928571426 0.7447321428571428 0.15109375 0.10553571428571429
1 0.3185580357142857 0.7547254464285714 0.15497321428571428 0.11659375000000001
0 0.18145982142857142 0.796515625 0.1932767857142857 0.09303125
1 0.10712723214285715 0.7792455357142857 0.18746875000000002 0.12991964285714286
1 0.6326741071428571 0.6522366071428571 0.05999107142857143 0.04554464285714286
1 0.7065111607142857 0.6345848214285714 0.07373660714285714 0.06381250000000001
1 0.50053125 0.6522433035714286 0.07249107142857143 0.06341517857142857
1 0.4397745535714286 0.6704553571428571 0.058120535714285715 0.03733928571428572
1 0.37375223214285713 0.6748816964285714 0.06893303571428572 0.05512053571428571
0 0.5746607142857142 0.6595535714285715 0.06003571428571429 0.015535714285714286
0 0.5803013392857144 0.6312120535714286 0.04453125 0.021352678571428575
0 0.5470200892857143 0.6339174107142858 0.04046875 0.008906250000000001
0 0.621578125 0.6274308035714286 0.03779910714285715 0.013790178571428571
1 0.5916808035714285 0.6085133928571428 0.03157589285714286 0.020598214285714286
1 0.560015625 0.6123861607142856 0.03074553571428571 0.019415178571428573
1 0.6153370535714285 0.6026383928571429 0.034245535714285714 0.017776785714285714
1 0.5297299107142857 0.6118660714285714 0.023745535714285716 0.018375
1 0.6477142857142857 0.5990624999999999 0.027571428571428573 0.019553571428571427
1 0.53509375 0.7203214285714286 0.11483035714285715 0.10135714285714285
1 0.41483258928571426 0.7447321428571428 0.15109375 0.10553571428571429
1 0.3185580357142857 0.7547254464285714 0.15497321428571428 0.11659375000000001
0 0.18145982142857142 0.796515625 0.1932767857142857 0.09303125
1 0.10712723214285715 0.7792455357142857 0.18746875000000002 0.12991964285714286
1 0.6326741071428571 0.6522366071428571 0.05999107142857143 0.04554464285714286
1 0.7065111607142857 0.6345848214285714 0.07373660714285714 0.06381250000000001
1 0.50053125 0.6522433035714286 0.07249107142857143 0.06341517857142857
1 0.4397745535714286 0.6704553571428571 0.058120535714285715 0.03733928571428572
1 0.37375223214285713 0.6748816964285714 0.06893303571428572 0.05512053571428571
0 0.5746607142857142 0.6595535714285715 0.06003571428571429 0.015535714285714286
0 0.5803013392857144 0.6312120535714286 0.04453125 0.021352678571428575
0 0.5470200892857143 0.6339174107142858 0.04046875 0.008906250000000001
0 0.621578125 0.6274308035714286 0.03779910714285715 0.013790178571428571
1 0.5916808035714285 0.6085133928571428 0.03157589285714286 0.020598214285714286
1 0.560015625 0.6123861607142856 0.03074553571428571 0.019415178571428573
1 0.6153370535714285 0.6026383928571429 0.034245535714285714 0.017776785714285714
1 0.5297299107142857 0.6118660714285714 0.023745535714285716 0.018375
1 0.6477142857142857 0.5990624999999999 0.027571428571428573 0.019553571428571427
1 0.53509375 0.7203214285714286 0.11483035714285715 0.10135714285714285
1 0.41483258928571426 0.7447321428571428 0.15109375 0.10553571428571429
1 0.3185580357142857 0.7547254464285714 0.15497321428571428 0.11659375000000001
0 0.18145982142857142 0.796515625 0.1932767857142857 0.09303125
1 0.10712723214285715 0.7792455357142857 0.18746875000000002 0.12991964285714286
1 0.6326741071428571 0.6522366071428571 0.05999107142857143 0.04554464285714286
1 0.7065111607142857 0.6345848214285714 0.07373660714285714 0.06381250000000001
1 0.50053125 0.6522433035714286 0.07249107142857143 0.06341517857142857
1 0.4397745535714286 0.6704553571428571 0.058120535714285715 0.03733928571428572
1 0.37375223214285713 0.6748816964285714 0.06893303571428572 0.05512053571428571
0 0.5746607142857142 0.6595535714285715 0.06003571428571429 0.015535714285714286
0 0.5803013392857144 0.6312120535714286 0.04453125 0.021352678571428575
0 0.5470200892857143 0.6339174107142858 0.04046875 0.008906250000000001
0 0.621578125 0.6274308035714286 0.03779910714285715 0.013790178571428571
1 0.5916808035714285 0.6085133928571428 0.03157589285714286 0.020598214285714286
1 0.560015625 0.6123861607142856 0.03074553571428571 0.019415178571428573
1 0.6153370535714285 0.6026383928571429 0.034245535714285714 0.017776785714285714
1 0.5297299107142857 0.6118660714285714 0.023745535714285716 0.018375
1 0.6477142857142857 0.5990624999999999 0.027571428571428573 0.019553571428571427
1 0.53509375 0.7203214285714286 0.11483035714285715 0.10135714285714285
1 0.41483258928571426 0.7447321428571428 0.15109375 0.10553571428571429
1 0.3185580357142857 0.7547254464285714 0.15497321428571428 0.11659375000000001
0 0.18145982142857142 0.796515625 0.1932767857142857 0.09303125
1 0.10712723214285715 0.7792455357142857 0.18746875000000002 0.12991964285714286
1 0.6326741071428571 0.6522366071428571 0.05999107142857143 0.04554464285714286
1 0.7065111607142857 0.6345848214285714 0.07373660714285714 0.06381250000000001
1 0.50053125 0.6522433035714286 0.07249107142857143 0.06341517857142857
1 0.4397745535714286 0.6704553571428571 0.058120535714285715 0.03733928571428572
1 0.37375223214285713 0.6748816964285714 0.06893303571428572 0.05512053571428571
0 0.5746607142857142 0.6595535714285715 0.06003571428571429 0.015535714285714286
0 0.5803013392857144 0.6312120535714286 0.04453125 0.021352678571428575
0 0.5470200892857143 0.6339174107142858 0.04046875 0.008906250000000001
0 0.621578125 0.6274308035714286 0.03779910714285715 0.013790178571428571
1 0.5916808035714285 0.6085133928571428 0.03157589285714286 0.020598214285714286
1 0.560015625 0.6123861607142856 0.03074553571428571 0.019415178571428573
1 0.6153370535714285 0.6026383928571429 0.034245535714285714 0.017776785714285714
1 0.5297299107142857 0.6118660714285714 0.023745535714285716 0.018375
1 0.6477142857142857 0.5990624999999999 0.027571428571428573 0.019553571428571427
