1 0.11529241071428571 0.5501205357142858 0.14129910714285715 0.055598214285714286
1 0.5923571428571428 0.5671160714285715 0.27399999999999997 0.13423214285714286
1 0.523328125 0.5532700892857143 0.17165625 0.11546875
0 0.05682589285714285 0.6366897321428572 0.1136517857142857 0.03230803571428571
0 0.07155580357142857 0.6201696428571429 0.14311160714285714 0.02605357142857143
0 0.08367187499999999 0.6059084821428572 0.16734374999999999 0.024316964285714286
0 0.09019196428571429 0.596234375 0.18038392857142857 0.013897321428571429
0 0.100140625 0.5809308035714286 0.19135267857142857 0.010075892857142858
0 0.4391428571428571 0.57478125 0.04792857142857143 0.01563392857142857
0 0.42506919642857144 0.5595357142857142 0.06442410714285714 0.011928571428571429
0 0.42446651785714284 0.5553482142857142 0.07214732142857143 0.012482142857142857
0 0.4213102678571429 0.5470892857142857 0.08369196428571428 0.013821428571428571
0 0.4212388392857143 0.5471874999999999 0.08354910714285714 0.014017857142857143
0 0.42815178571428575 0.5642767857142857 0.05273214285714285 0.012482142857142857
0 0.42059598214285715 0.5427388392857143 0.09119196428571429 0.014049107142857143
1 0.11529241071428571 0.5501205357142858 0.14129910714285715 0.055598214285714286
1 0.5923571428571428 0.5671160714285715 0.27399999999999997 0.13423214285714286
1 0.523328125 0.5532700892857143 0.17165625 0.11546875
0 0.05682589285714285 0.6366897321428572 0.1136517857142857 0.03230803571428571
0 0.07155580357142857 0.6201696428571429 0.14311160714285714 0.02605357142857143
0 0.08367187499999999 0.6059084821428572 0.16734374999999999 0.024316964285714286
0 0.09019196428571429 0.596234375 0.18038392857142857 0.013897321428571429
0 0.100140625 0.5809308035714286 0.19135267857142857 0.010075892857142858
0 0.4391428571428571 0.57478125 0.04792857142857143 0.01563392857142857
0 0.42506919642857144 0.5595357142857142 0.06442410714285714 0.011928571428571429
0 0.42446651785714284 0.5553482142857142 0.07214732142857143 0.012482142857142857
0 0.4213102678571429 0.5470892857142857 0.08369196428571428 0.013821428571428571
0 0.4212388392857143 0.5471874999999999 0.08354910714285714 0.014017857142857143
0 0.42815178571428575 0.5642767857142857 0.05273214285714285 0.012482142857142857
0 0.42059598214285715 0.5427388392857143 0.09119196428571429 0.014049107142857143
1 0.11529241071428571 0.5501205357142858 0.14129910714285715 0.055598214285714286
1 0.5923571428571428 0.5671160714285715 0.27399999999999997 0.13423214285714286
1 0.523328125 0.5532700892857143 0.17165625 0.11546875
0 0.05682589285714285 0.6366897321428572 0.1136517857142857 0.03230803571428571
0 0.07155580357142857 0.6201696428571429 0.14311160714285714 0.02605357142857143
0 0.08367187499999999 0.6059084821428572 0.16734374999999999 0.024316964285714286
0 0.09019196428571429 0.596234375 0.18038392857142857 0.013897321428571429
0 0.100140625 0.5809308035714286 0.19135267857142857 0.010075892857142858
0 0.4391428571428571 0.57478125 0.04792857142857143 0.01563392857142857
0 0.42506919642857144 0.5595357142857142 0.06442410714285714 0.011928571428571429
0 0.42446651785714284 0.5553482142857142 0.07214732142857143 0.012482142857142857
0 0.4213102678571429 0.5470892857142857 0.08369196428571428 0.013821428571428571
0 0.4212388392857143 0.5471874999999999 0.08354910714285714 0.014017857142857143
0 0.42815178571428575 0.5642767857142857 0.05273214285714285 0.012482142857142857
0 0.42059598214285715 0.5427388392857143 0.09119196428571429 0.014049107142857143
1 0.11529241071428571 0.5501205357142858 0.14129910714285715 0.055598214285714286
1 0.5923571428571428 0.5671160714285715 0.27399999999999997 0.13423214285714286
1 0.523328125 0.5532700892857143 0.17165625 0.11546875
0 0.05682589285714285 0.6366897321428572 0.1136517857142857 0.03230803571428571
0 0.07155580357142857 0.6201696428571429 0.14311160714285714 0.02605357142857143
0 0.08367187499999999 0.6059084821428572 0.16734374999999999 0.024316964285714286
0 0.09019196428571429 0.596234375 0.18038392857142857 0.013897321428571429
0 0.100140625 0.5809308035714286 0.19135267857142857 0.010075892857142858
0 0.4391428571428571 0.57478125 0.04792857142857143 0.01563392857142857
0 0.42506919642857144 0.5595357142857142 0.06442410714285714 0.011928571428571429
0 0.42446651785714284 0.5553482142857142 0.07214732142857143 0.012482142857142857
0 0.4213102678571429 0.5470892857142857 0.08369196428571428 0.013821428571428571
0 0.4212388392857143 0.5471874999999999 0.08354910714285714 0.014017857142857143
0 0.42815178571428575 0.5642767857142857 0.05273214285714285 0.012482142857142857
0 0.42059598214285715 0.5427388392857143 0.09119196428571429 0.014049107142857143
1 0.11529241071428571 0.5501205357142858 0.14129910714285715 0.055598214285714286
1 0.5923571428571428 0.5671160714285715 0.27399999999999997 0.13423214285714286
1 0.523328125 0.5532700892857143 0.17165625 0.11546875
0 0.05682589285714285 0.6366897321428572 0.1136517857142857 0.03230803571428571
0 0.07155580357142857 0.6201696428571429 0.14311160714285714 0.02605357142857143
0 0.08367187499999999 0.6059084821428572 0.16734374999999999 0.024316964285714286
0 0.09019196428571429 0.596234375 0.18038392857142857 0.013897321428571429
0 0.100140625 0.5809308035714286 0.19135267857142857 0.010075892857142858
0 0.4391428571428571 0.57478125 0.04792857142857143 0.01563392857142857
0 0.42506919642857144 0.5595357142857142 0.06442410714285714 0.011928571428571429
0 0.42446651785714284 0.5553482142857142 0.07214732142857143 0.012482142857142857
0 0.4213102678571429 0.5470892857142857 0.08369196428571428 0.013821428571428571
0 0.4212388392857143 0.5471874999999999 0.08354910714285714 0.014017857142857143
0 0.42815178571428575 0.5642767857142857 0.05273214285714285 0.012482142857142857
0 0.42059598214285715 0.5427388392857143 0.09119196428571429 0.014049107142857143
