1 0.6741071428571429 0.41517857142857145 0.15178571428571427 0.14285714285714285
1 0.359375 0.43080357142857145 0.11160714285714286 0.10267857142857142
0 0.7772053571428571 0.5424732142857143 0.32226785714285716 0.12066071428571427
0 0.23893303571428573 0.5381316964285714 0.35286607142857146 0.11197767857142857
1 0.5011160714285714 0.4888392857142857 0.171875 0.12946428571428573
1 0.24330357142857142 0.4252232142857143 0.11160714285714286 0.10044642857142858
1 0.09375 0.43526785714285715 0.17857142857142858 0.19196428571428573
1 0.9051339285714286 0.41517857142857145 0.18526785714285715 0.17857142857142858
1 0.6741071428571429 0.41517857142857145 0.15178571428571427 0.14285714285714285
1 0.359375 0.43080357142857145 0.11160714285714286 0.10267857142857142
0 0.7772053571428571 0.5424732142857143 0.32226785714285716 0.12066071428571427
0 0.23893303571428573 0.5381316964285714 0.35286607142857146 0.11197767857142857
1 0.5011160714285714 0.4888392857142857 0.171875 0.12946428571428573
1 0.24330357142857142 0.4252232142857143 0.11160714285714286 0.10044642857142858
1 0.09375 0.43526785714285715 0.17857142857142858 0.19196428571428573
1 0.9051339285714286 0.41517857142857145 0.18526785714285715 0.17857142857142858
1 0.6741071428571429 0.41517857142857145 0.15178571428571427 0.14285714285714285
1 0.359375 0.43080357142857145 0.11160714285714286 0.10267857142857142
0 0.7772053571428571 0.5424732142857143 0.32226785714285716 0.12066071428571427
0 0.23893303571428573 0.5381316964285714 0.35286607142857146 0.11197767857142857
1 0.5011160714285714 0.4888392857142857 0.171875 0.12946428571428573
1 0.24330357142857142 0.4252232142857143 0.11160714285714286 0.10044642857142858
1 0.09375 0.43526785714285715 0.17857142857142858 0.19196428571428573
1 0.9051339285714286 0.41517857142857145 0.18526785714285715 0.17857142857142858
1 0.6741071428571429 0.41517857142857145 0.15178571428571427 0.14285714285714285
1 0.359375 0.43080357142857145 0.11160714285714286 0.10267857142857142
0 0.7772053571428571 0.5424732142857143 0.32226785714285716 0.12066071428571427
0 0.23893303571428573 0.5381316964285714 0.35286607142857146 0.11197767857142857
1 0.5011160714285714 0.4888392857142857 0.171875 0.12946428571428573
1 0.24330357142857142 0.4252232142857143 0.11160714285714286 0.10044642857142858
1 0.09375 0.43526785714285715 0.17857142857142858 0.19196428571428573
1 0.9051339285714286 0.41517857142857145 0.18526785714285715 0.17857142857142858
1 0.6741071428571429 0.41517857142857145 0.15178571428571427 0.14285714285714285
1 0.359375 0.43080357142857145 0.11160714285714286 0.10267857142857142
0 0.7772053571428571 0.5424732142857143 0.32226785714285716 0.12066071428571427
0 0.23893303571428573 0.5381316964285714 0.35286607142857146 0.11197767857142857
1 0.5011160714285714 0.4888392857142857 0.171875 0.12946428571428573
1 0.24330357142857142 0.4252232142857143 0.11160714285714286 0.10044642857142858
1 0.09375 0.43526785714285715 0.17857142857142858 0.19196428571428573
1 0.9051339285714286 0.41517857142857145 0.18526785714285715 0.17857142857142858
