1 0.8293437499999999 0.45337053571428576 0.3372589285714286 0.45138392857142856
1 0.687109375 0.411234375 0.40993303571428574 0.2956830357142857
0 0.42262723214285713 0.4239732142857143 0.2202544642857143 0.062232142857142854
0 0.4062834821428571 0.41488839285714285 0.2500669642857143 0.05299107142857142
0 0.34544196428571433 0.4088950892857143 0.1998125 0.049933035714285715
0 0.30550223214285716 0.40084151785714284 0.16457589285714286 0.042754464285714285
0 0.4394642857142857 0.4449866071428571 0.18250000000000002 0.05961607142857143
0 0.49744866071428573 0.4708816964285715 0.19132589285714285 0.05783482142857143
1 0.8293437499999999 0.45337053571428576 0.3372589285714286 0.45138392857142856
1 0.687109375 0.411234375 0.40993303571428574 0.2956830357142857
0 0.42262723214285713 0.4239732142857143 0.2202544642857143 0.062232142857142854
0 0.4062834821428571 0.41488839285714285 0.2500669642857143 0.05299107142857142
0 0.34544196428571433 0.4088950892857143 0.1998125 0.049933035714285715
0 0.30550223214285716 0.40084151785714284 0.16457589285714286 0.042754464285714285
0 0.4394642857142857 0.4449866071428571 0.18250000000000002 0.05961607142857143
0 0.49744866071428573 0.4708816964285715 0.19132589285714285 0.05783482142857143
1 0.8293437499999999 0.45337053571428576 0.3372589285714286 0.45138392857142856
1 0.687109375 0.411234375 0.40993303571428574 0.2956830357142857
0 0.42262723214285713 0.4239732142857143 0.2202544642857143 0.062232142857142854
0 0.4062834821428571 0.41488839285714285 0.2500669642857143 0.05299107142857142
0 0.34544196428571433 0.4088950892857143 0.1998125 0.049933035714285715
0 0.30550223214285716 0.40084151785714284 0.16457589285714286 0.042754464285714285
0 0.4394642857142857 0.4449866071428571 0.18250000000000002 0.05961607142857143
0 0.49744866071428573 0.4708816964285715 0.19132589285714285 0.05783482142857143
1 0.8293437499999999 0.45337053571428576 0.3372589285714286 0.45138392857142856
1 0.687109375 0.411234375 0.40993303571428574 0.2956830357142857
0 0.42262723214285713 0.4239732142857143 0.2202544642857143 0.062232142857142854
0 0.4062834821428571 0.41488839285714285 0.2500669642857143 0.05299107142857142
0 0.34544196428571433 0.4088950892857143 0.1998125 0.049933035714285715
0 0.30550223214285716 0.40084151785714284 0.16457589285714286 0.042754464285714285
0 0.4394642857142857 0.4449866071428571 0.18250000000000002 0.05961607142857143
0 0.49744866071428573 0.4708816964285715 0.19132589285714285 0.05783482142857143
1 0.8293437499999999 0.45337053571428576 0.3372589285714286 0.45138392857142856
1 0.687109375 0.411234375 0.40993303571428574 0.2956830357142857
0 0.42262723214285713 0.4239732142857143 0.2202544642857143 0.062232142857142854
0 0.4062834821428571 0.41488839285714285 0.2500669642857143 0.05299107142857142
0 0.34544196428571433 0.4088950892857143 0.1998125 0.049933035714285715
0 0.30550223214285716 0.40084151785714284 0.16457589285714286 0.042754464285714285
0 0.4394642857142857 0.4449866071428571 0.18250000000000002 0.05961607142857143
0 0.49744866071428573 0.4708816964285715 0.19132589285714285 0.05783482142857143
