1 0.42421875000000003 0.6758861607142858 0.10736607142857144 0.08391517857142858
1 0.17470982142857144 0.8694285714285714 0.2601339285714286 0.21207142857142855
1 0.1336138392857143 0.7670089285714285 0.18687053571428572 0.13223214285714285
1 0.4863839285714286 0.8812589285714285 0.28526785714285713 0.22680357142857144
1 0.5934977678571428 0.8061785714285714 0.23163839285714286 0.16592857142857143
1 0.6548816964285714 0.7639129464285714 0.2026205357142857 0.12604017857142857
1 0.42421875000000003 0.6758861607142858 0.10736607142857144 0.08391517857142858
1 0.17470982142857144 0.8694285714285714 0.2601339285714286 0.21207142857142855
1 0.1336138392857143 0.7670089285714285 0.18687053571428572 0.13223214285714285
1 0.4863839285714286 0.8812589285714285 0.28526785714285713 0.22680357142857144
1 0.5934977678571428 0.8061785714285714 0.23163839285714286 0.16592857142857143
1 0.6548816964285714 0.7639129464285714 0.2026205357142857 0.12604017857142857
1 0.42421875000000003 0.6758861607142858 0.10736607142857144 0.08391517857142858
1 0.17470982142857144 0.8694285714285714 0.2601339285714286 0.21207142857142855
1 0.1336138392857143 0.7670089285714285 0.18687053571428572 0.13223214285714285
1 0.4863839285714286 0.8812589285714285 0.28526785714285713 0.22680357142857144
1 0.5934977678571428 0.8061785714285714 0.23163839285714286 0.16592857142857143
1 0.6548816964285714 0.7639129464285714 0.2026205357142857 0.12604017857142857
1 0.42421875000000003 0.6758861607142858 0.10736607142857144 0.08391517857142858
1 0.17470982142857144 0.8694285714285714 0.2601339285714286 0.21207142857142855
1 0.1336138392857143 0.7670089285714285 0.18687053571428572 0.13223214285714285
1 0.4863839285714286 0.8812589285714285 0.28526785714285713 0.22680357142857144
1 0.5934977678571428 0.8061785714285714 0.23163839285714286 0.16592857142857143
1 0.6548816964285714 0.7639129464285714 0.2026205357142857 0.12604017857142857
1 0.42421875000000003 0.6758861607142858 0.10736607142857144 0.08391517857142858
1 0.17470982142857144 0.8694285714285714 0.2601339285714286 0.21207142857142855
1 0.1336138392857143 0.7670089285714285 0.18687053571428572 0.13223214285714285
1 0.4863839285714286 0.8812589285714285 0.28526785714285713 0.22680357142857144
1 0.5934977678571428 0.8061785714285714 0.23163839285714286 0.16592857142857143
1 0.6548816964285714 0.7639129464285714 0.2026205357142857 0.12604017857142857
