0 0.21702008928571428 0.7962566964285714 0.43404017857142857 0.14608482142857143
0 0.27085491071428575 0.7238973214285714 0.4613526785714286 0.08172321428571429
0 0.3692008928571428 0.6823861607142857 0.35447321428571427 0.04334375
0 0.421625 0.6591830357142857 0.28967857142857145 0.032651785714285717
1 0.4714107142857143 0.6121160714285715 0.2553214285714286 0.09030357142857144
1 0.5656428571428572 0.5919977678571428 0.11342857142857143 0.050066964285714284
0 0.21702008928571428 0.7962566964285714 0.43404017857142857 0.14608482142857143
0 0.27085491071428575 0.7238973214285714 0.4613526785714286 0.08172321428571429
0 0.3692008928571428 0.6823861607142857 0.35447321428571427 0.04334375
0 0.421625 0.6591830357142857 0.28967857142857145 0.032651785714285717
1 0.4714107142857143 0.6121160714285715 0.2553214285714286 0.09030357142857144
1 0.5656428571428572 0.5919977678571428 0.11342857142857143 0.050066964285714284
0 0.21702008928571428 0.7962566964285714 0.43404017857142857 0.14608482142857143
0 0.27085491071428575 0.7238973214285714 0.4613526785714286 0.08172321428571429
0 0.3692008928571428 0.6823861607142857 0.35447321428571427 0.04334375
0 0.421625 0.6591830357142857 0.28967857142857145 0.032651785714285717
1 0.4714107142857143 0.6121160714285715 0.2553214285714286 0.09030357142857144
1 0.5656428571428572 0.5919977678571428 0.11342857142857143 0.050066964285714284
0 0.21702008928571428 0.7962566964285714 0.43404017857142857 0.14608482142857143
0 0.27085491071428575 0.7238973214285714 0.4613526785714286 0.08172321428571429
0 0.3692008928571428 0.6823861607142857 0.35447321428571427 0.04334375
0 0.421625 0.6591830357142857 0.28967857142857145 0.032651785714285717
1 0.4714107142857143 0.6121160714285715 0.2553214285714286 0.09030357142857144
1 0.5656428571428572 0.5919977678571428 0.11342857142857143 0.050066964285714284
0 0.21702008928571428 0.7962566964285714 0.43404017857142857 0.14608482142857143
0 0.27085491071428575 0.7238973214285714 0.4613526785714286 0.08172321428571429
0 0.3692008928571428 0.6823861607142857 0.35447321428571427 0.04334375
0 0.421625 0.6591830357142857 0.28967857142857145 0.032651785714285717
1 0.4714107142857143 0.6121160714285715 0.2553214285714286 0.09030357142857144
1 0.5656428571428572 0.5919977678571428 0.11342857142857143 0.050066964285714284
