1 0.18531919642857142 0.6487790178571429 0.17420982142857144 0.11898660714285714
1 0.29065401785714284 0.6288616071428572 0.12595089285714287 0.08808035714285714
1 0.3400044642857143 0.6101674107142857 0.13536607142857143 0.07747767857142858
1 0.396375 0.5988816964285714 0.11417857142857143 0.07276339285714285
1 0.46211160714285715 0.5841607142857143 0.12065178571428571 0.06117857142857143
1 0.50353125 0.5746361607142857 0.10527678571428571 0.05998660714285714
1 0.5408794642857143 0.5654419642857144 0.0906875 0.05945535714285714
1 0.5904553571428571 0.7015803571428572 0.26126785714285716 0.126375
1 0.6917566964285714 0.6828080357142857 0.17815625 0.12454464285714285
1 0.7328906249999999 0.6511718750000001 0.14435267857142858 0.09698660714285715
1 0.7699776785714285 0.632703125 0.1292410714285714 0.07790625
1 0.7695089285714286 0.6061830357142857 0.15508928571428574 0.07843750000000001
1 0.8150468750000001 0.5840558035714285 0.11223660714285713 0.06989732142857143
1 0.18531919642857142 0.6487790178571429 0.17420982142857144 0.11898660714285714
1 0.29065401785714284 0.6288616071428572 0.12595089285714287 0.08808035714285714
1 0.3400044642857143 0.6101674107142857 0.13536607142857143 0.07747767857142858
1 0.396375 0.5988816964285714 0.11417857142857143 0.07276339285714285
1 0.46211160714285715 0.5841607142857143 0.12065178571428571 0.06117857142857143
1 0.50353125 0.5746361607142857 0.10527678571428571 0.05998660714285714
1 0.5408794642857143 0.5654419642857144 0.0906875 0.05945535714285714
1 0.5904553571428571 0.7015803571428572 0.26126785714285716 0.126375
1 0.6917566964285714 0.6828080357142857 0.17815625 0.12454464285714285
1 0.7328906249999999 0.6511718750000001 0.14435267857142858 0.09698660714285715
1 0.7699776785714285 0.632703125 0.1292410714285714 0.07790625
1 0.7695089285714286 0.6061830357142857 0.15508928571428574 0.07843750000000001
1 0.8150468750000001 0.5840558035714285 0.11223660714285713 0.06989732142857143
1 0.18531919642857142 0.6487790178571429 0.17420982142857144 0.11898660714285714
1 0.29065401785714284 0.6288616071428572 0.12595089285714287 0.08808035714285714
1 0.3400044642857143 0.6101674107142857 0.13536607142857143 0.07747767857142858
1 0.396375 0.5988816964285714 0.11417857142857143 0.07276339285714285
1 0.46211160714285715 0.5841607142857143 0.12065178571428571 0.06117857142857143
1 0.50353125 0.5746361607142857 0.10527678571428571 0.05998660714285714
1 0.5408794642857143 0.5654419642857144 0.0906875 0.05945535714285714
1 0.5904553571428571 0.7015803571428572 0.26126785714285716 0.126375
1 0.6917566964285714 0.6828080357142857 0.17815625 0.12454464285714285
1 0.7328906249999999 0.6511718750000001 0.14435267857142858 0.09698660714285715
1 0.7699776785714285 0.632703125 0.1292410714285714 0.07790625
1 0.7695089285714286 0.6061830357142857 0.15508928571428574 0.07843750000000001
1 0.8150468750000001 0.5840558035714285 0.11223660714285713 0.06989732142857143
1 0.18531919642857142 0.6487790178571429 0.17420982142857144 0.11898660714285714
1 0.29065401785714284 0.6288616071428572 0.12595089285714287 0.08808035714285714
1 0.3400044642857143 0.6101674107142857 0.13536607142857143 0.07747767857142858
1 0.396375 0.5988816964285714 0.11417857142857143 0.07276339285714285
1 0.46211160714285715 0.5841607142857143 0.12065178571428571 0.06117857142857143
1 0.50353125 0.5746361607142857 0.10527678571428571 0.05998660714285714
1 0.5408794642857143 0.5654419642857144 0.0906875 0.05945535714285714
1 0.5904553571428571 0.7015803571428572 0.26126785714285716 0.126375
1 0.6917566964285714 0.6828080357142857 0.17815625 0.12454464285714285
1 0.7328906249999999 0.6511718750000001 0.14435267857142858 0.09698660714285715
1 0.7699776785714285 0.632703125 0.1292410714285714 0.07790625
1 0.7695089285714286 0.6061830357142857 0.15508928571428574 0.07843750000000001
1 0.8150468750000001 0.5840558035714285 0.11223660714285713 0.06989732142857143
1 0.18531919642857142 0.6487790178571429 0.17420982142857144 0.11898660714285714
1 0.29065401785714284 0.6288616071428572 0.12595089285714287 0.08808035714285714
1 0.3400044642857143 0.6101674107142857 0.13536607142857143 0.07747767857142858
1 0.396375 0.5988816964285714 0.11417857142857143 0.07276339285714285
1 0.46211160714285715 0.5841607142857143 0.12065178571428571 0.06117857142857143
1 0.50353125 0.5746361607142857 0.10527678571428571 0.05998660714285714
1 0.5408794642857143 0.5654419642857144 0.0906875 0.05945535714285714
1 0.5904553571428571 0.7015803571428572 0.26126785714285716 0.126375
1 0.6917566964285714 0.6828080357142857 0.17815625 0.12454464285714285
1 0.7328906249999999 0.6511718750000001 0.14435267857142858 0.09698660714285715
1 0.7699776785714285 0.632703125 0.1292410714285714 0.07790625
1 0.7695089285714286 0.6061830357142857 0.15508928571428574 0.07843750000000001
1 0.8150468750000001 0.5840558035714285 0.11223660714285713 0.06989732142857143
