1 0.5095357142857143 0.7120580357142857 0.5101428571428571 0.17411607142857144
0 0.5949397321428572 0.6357165178571428 0.41309375 0.09286160714285714
0 0.6616428571428571 0.5958883928571429 0.3322142857142857 0.048919642857142856
0 0.7089017857142856 0.5736852678571429 0.30173214285714284 0.04915625
1 0.7507455357142857 0.5178727678571429 0.29613392857142856 0.10717410714285715
1 0.19614062499999999 0.5557991071428571 0.3833526785714286 0.22766964285714283
1 0.4333013392857143 0.5313616071428572 0.23267410714285713 0.12522321428571428
1 0.49221205357142855 0.5126941964285715 0.16299553571428574 0.08788839285714287
0 0.4070982142857143 0.6020111607142857 0.135625 0.05223660714285715
1 0.5795401785714286 0.48810714285714285 0.1412232142857143 0.0655
1 0.5095357142857143 0.7120580357142857 0.5101428571428571 0.17411607142857144
0 0.5949397321428572 0.6357165178571428 0.41309375 0.09286160714285714
0 0.6616428571428571 0.5958883928571429 0.3322142857142857 0.048919642857142856
0 0.7089017857142856 0.5736852678571429 0.30173214285714284 0.04915625
1 0.7507455357142857 0.5178727678571429 0.29613392857142856 0.10717410714285715
1 0.19614062499999999 0.5557991071428571 0.3833526785714286 0.22766964285714283
1 0.4333013392857143 0.5313616071428572 0.23267410714285713 0.12522321428571428
1 0.49221205357142855 0.5126941964285715 0.16299553571428574 0.08788839285714287
0 0.4070982142857143 0.6020111607142857 0.135625 0.05223660714285715
1 0.5795401785714286 0.48810714285714285 0.1412232142857143 0.0655
1 0.5095357142857143 0.7120580357142857 0.5101428571428571 0.17411607142857144
0 0.5949397321428572 0.6357165178571428 0.41309375 0.09286160714285714
0 0.6616428571428571 0.5958883928571429 0.3322142857142857 0.048919642857142856
0 0.7089017857142856 0.5736852678571429 0.30173214285714284 0.04915625
1 0.7507455357142857 0.5178727678571429 0.29613392857142856 0.10717410714285715
1 0.19614062499999999 0.5557991071428571 0.3833526785714286 0.22766964285714283
1 0.4333013392857143 0.5313616071428572 0.23267410714285713 0.12522321428571428
1 0.49221205357142855 0.5126941964285715 0.16299553571428574 0.08788839285714287
0 0.4070982142857143 0.6020111607142857 0.135625 0.05223660714285715
1 0.5795401785714286 0.48810714285714285 0.1412232142857143 0.0655
1 0.5095357142857143 0.7120580357142857 0.5101428571428571 0.17411607142857144
0 0.5949397321428572 0.6357165178571428 0.41309375 0.09286160714285714
0 0.6616428571428571 0.5958883928571429 0.3322142857142857 0.048919642857142856
0 0.7089017857142856 0.5736852678571429 0.30173214285714284 0.04915625
1 0.7507455357142857 0.5178727678571429 0.29613392857142856 0.10717410714285715
1 0.19614062499999999 0.5557991071428571 0.3833526785714286 0.22766964285714283
1 0.4333013392857143 0.5313616071428572 0.23267410714285713 0.12522321428571428
1 0.49221205357142855 0.5126941964285715 0.16299553571428574 0.08788839285714287
0 0.4070982142857143 0.6020111607142857 0.135625 0.05223660714285715
1 0.5795401785714286 0.48810714285714285 0.1412232142857143 0.0655
1 0.5095357142857143 0.7120580357142857 0.5101428571428571 0.17411607142857144
0 0.5949397321428572 0.6357165178571428 0.41309375 0.09286160714285714
0 0.6616428571428571 0.5958883928571429 0.3322142857142857 0.048919642857142856
0 0.7089017857142856 0.5736852678571429 0.30173214285714284 0.04915625
1 0.7507455357142857 0.5178727678571429 0.29613392857142856 0.10717410714285715
1 0.19614062499999999 0.5557991071428571 0.3833526785714286 0.22766964285714283
1 0.4333013392857143 0.5313616071428572 0.23267410714285713 0.12522321428571428
1 0.49221205357142855 0.5126941964285715 0.16299553571428574 0.08788839285714287
0 0.4070982142857143 0.6020111607142857 0.135625 0.05223660714285715
1 0.5795401785714286 0.48810714285714285 0.1412232142857143 0.0655
