3 0.5161205357142857 0.5966450892857144 0.13045535714285714 0.06829017857142858
3 0.10078794642857143 0.5932455357142857 0.18371875 0.08827678571428572
1 0.35213392857142856 0.5694486607142857 0.11498214285714285 0.04961160714285714
1 0.7528660714285714 0.5947477678571429 0.06823214285714287 0.04663839285714285
1 0.6343683035714286 0.5883169642857142 0.08123660714285715 0.051633928571428574
0 0.7672455357142857 0.6247455357142858 0.09699107142857143 0.008419642857142856
0 0.7304709821428571 0.6152678571428571 0.09487053571428572 0.007321428571428571
0 0.6110513392857142 0.6245624999999999 0.07031696428571428 0.008053571428571429
0 0.8045267857142857 0.6162656249999999 0.07333928571428572 0.009316964285714286
1 0.7084441964285714 0.5866205357142856 0.03295982142857143 0.030383928571428572
3 0.5161205357142857 0.5966450892857144 0.13045535714285714 0.06829017857142858
3 0.10078794642857143 0.5932455357142857 0.18371875 0.08827678571428572
1 0.35213392857142856 0.5694486607142857 0.11498214285714285 0.04961160714285714
1 0.7528660714285714 0.5947477678571429 0.06823214285714287 0.04663839285714285
1 0.6343683035714286 0.5883169642857142 0.08123660714285715 0.051633928571428574
0 0.7672455357142857 0.6247455357142858 0.09699107142857143 0.008419642857142856
0 0.7304709821428571 0.6152678571428571 0.09487053571428572 0.007321428571428571
0 0.6110513392857142 0.6245624999999999 0.07031696428571428 0.008053571428571429
0 0.8045267857142857 0.6162656249999999 0.07333928571428572 0.009316964285714286
1 0.7084441964285714 0.5866205357142856 0.03295982142857143 0.030383928571428572
3 0.5161205357142857 0.5966450892857144 0.13045535714285714 0.06829017857142858
3 0.10078794642857143 0.5932455357142857 0.18371875 0.08827678571428572
1 0.35213392857142856 0.5694486607142857 0.11498214285714285 0.04961160714285714
1 0.7528660714285714 0.5947477678571429 0.06823214285714287 0.04663839285714285
1 0.6343683035714286 0.5883169642857142 0.08123660714285715 0.051633928571428574
0 0.7672455357142857 0.6247455357142858 0.09699107142857143 0.008419642857142856
0 0.7304709821428571 0.6152678571428571 0.09487053571428572 0.007321428571428571
0 0.6110513392857142 0.6245624999999999 0.07031696428571428 0.008053571428571429
0 0.8045267857142857 0.6162656249999999 0.07333928571428572 0.009316964285714286
1 0.7084441964285714 0.5866205357142856 0.03295982142857143 0.030383928571428572
3 0.5161205357142857 0.5966450892857144 0.13045535714285714 0.06829017857142858
3 0.10078794642857143 0.5932455357142857 0.18371875 0.08827678571428572
1 0.35213392857142856 0.5694486607142857 0.11498214285714285 0.04961160714285714
1 0.7528660714285714 0.5947477678571429 0.06823214285714287 0.04663839285714285
1 0.6343683035714286 0.5883169642857142 0.08123660714285715 0.051633928571428574
0 0.7672455357142857 0.6247455357142858 0.09699107142857143 0.008419642857142856
0 0.7304709821428571 0.6152678571428571 0.09487053571428572 0.007321428571428571
0 0.6110513392857142 0.6245624999999999 0.07031696428571428 0.008053571428571429
0 0.8045267857142857 0.6162656249999999 0.07333928571428572 0.009316964285714286
1 0.7084441964285714 0.5866205357142856 0.03295982142857143 0.030383928571428572
3 0.5161205357142857 0.5966450892857144 0.13045535714285714 0.06829017857142858
3 0.10078794642857143 0.5932455357142857 0.18371875 0.08827678571428572
1 0.35213392857142856 0.5694486607142857 0.11498214285714285 0.04961160714285714
1 0.7528660714285714 0.5947477678571429 0.06823214285714287 0.04663839285714285
1 0.6343683035714286 0.5883169642857142 0.08123660714285715 0.051633928571428574
0 0.7672455357142857 0.6247455357142858 0.09699107142857143 0.008419642857142856
0 0.7304709821428571 0.6152678571428571 0.09487053571428572 0.007321428571428571
0 0.6110513392857142 0.6245624999999999 0.07031696428571428 0.008053571428571429
0 0.8045267857142857 0.6162656249999999 0.07333928571428572 0.009316964285714286
1 0.7084441964285714 0.5866205357142856 0.03295982142857143 0.030383928571428572
