0 0.44101339285714286 0.5625357142857143 0.14095535714285715 0.053642857142857145
0 0.6282254464285714 0.5406830357142857 0.12252232142857143 0.027794642857142858
0 0.6986049107142858 0.5360491071428571 0.15613839285714287 0.027455357142857146
0 0.7884330357142858 0.5281361607142857 0.1572232142857143 0.020558035714285716
1 0.5336629464285714 0.5177790178571429 0.12089732142857143 0.08020089285714285
0 0.44101339285714286 0.5625357142857143 0.14095535714285715 0.053642857142857145
0 0.6282254464285714 0.5406830357142857 0.12252232142857143 0.027794642857142858
0 0.6986049107142858 0.5360491071428571 0.15613839285714287 0.027455357142857146
0 0.7884330357142858 0.5281361607142857 0.1572232142857143 0.020558035714285716
1 0.5336629464285714 0.5177790178571429 0.12089732142857143 0.08020089285714285
0 0.44101339285714286 0.5625357142857143 0.14095535714285715 0.053642857142857145
0 0.6282254464285714 0.5406830357142857 0.12252232142857143 0.027794642857142858
0 0.6986049107142858 0.5360491071428571 0.15613839285714287 0.027455357142857146
0 0.7884330357142858 0.5281361607142857 0.1572232142857143 0.020558035714285716
1 0.5336629464285714 0.5177790178571429 0.12089732142857143 0.08020089285714285
0 0.44101339285714286 0.5625357142857143 0.14095535714285715 0.053642857142857145
0 0.6282254464285714 0.5406830357142857 0.12252232142857143 0.027794642857142858
0 0.6986049107142858 0.5360491071428571 0.15613839285714287 0.027455357142857146
0 0.7884330357142858 0.5281361607142857 0.1572232142857143 0.020558035714285716
1 0.5336629464285714 0.5177790178571429 0.12089732142857143 0.08020089285714285
0 0.44101339285714286 0.5625357142857143 0.14095535714285715 0.053642857142857145
0 0.6282254464285714 0.5406830357142857 0.12252232142857143 0.027794642857142858
0 0.6986049107142858 0.5360491071428571 0.15613839285714287 0.027455357142857146
0 0.7884330357142858 0.5281361607142857 0.1572232142857143 0.020558035714285716
1 0.5336629464285714 0.5177790178571429 0.12089732142857143 0.08020089285714285
