1 0.19754464285714285 0.5926339285714286 0.08258928571428571 0.06919642857142858
1 0.28013392857142855 0.5926339285714286 0.06919642857142858 0.05133928571428571
1 0.3470982142857143 0.5725446428571429 0.06919642857142858 0.06473214285714286
1 0.4185267857142857 0.5613839285714286 0.060267857142857144 0.060267857142857144
1 0.5111607142857143 0.546875 0.08482142857142858 0.05803571428571429
1 0.6049107142857143 0.5200892857142857 0.07589285714285714 0.049107142857142856
1 0.3080357142857143 0.7020089285714286 0.15178571428571427 0.13616071428571427
1 0.453125 0.671875 0.12946428571428573 0.10267857142857142
1 0.5580357142857143 0.6350446428571429 0.125 0.09151785714285714
1 0.7488839285714286 0.5602678571428571 0.14955357142857142 0.09375
1 0.6573660714285714 0.6004464285714286 0.109375 0.08482142857142858
1 0.8448660714285714 0.5357142857142857 0.08258928571428571 0.08035714285714286
1 0.19754464285714285 0.5926339285714286 0.08258928571428571 0.06919642857142858
1 0.28013392857142855 0.5926339285714286 0.06919642857142858 0.05133928571428571
1 0.3470982142857143 0.5725446428571429 0.06919642857142858 0.06473214285714286
1 0.4185267857142857 0.5613839285714286 0.060267857142857144 0.060267857142857144
1 0.5111607142857143 0.546875 0.08482142857142858 0.05803571428571429
1 0.6049107142857143 0.5200892857142857 0.07589285714285714 0.049107142857142856
1 0.3080357142857143 0.7020089285714286 0.15178571428571427 0.13616071428571427
1 0.453125 0.671875 0.12946428571428573 0.10267857142857142
1 0.5580357142857143 0.6350446428571429 0.125 0.09151785714285714
1 0.7488839285714286 0.5602678571428571 0.14955357142857142 0.09375
1 0.6573660714285714 0.6004464285714286 0.109375 0.08482142857142858
1 0.8448660714285714 0.5357142857142857 0.08258928571428571 0.08035714285714286
1 0.19754464285714285 0.5926339285714286 0.08258928571428571 0.06919642857142858
1 0.28013392857142855 0.5926339285714286 0.06919642857142858 0.05133928571428571
1 0.3470982142857143 0.5725446428571429 0.06919642857142858 0.06473214285714286
1 0.4185267857142857 0.5613839285714286 0.060267857142857144 0.060267857142857144
1 0.5111607142857143 0.546875 0.08482142857142858 0.05803571428571429
1 0.6049107142857143 0.5200892857142857 0.07589285714285714 0.049107142857142856
1 0.3080357142857143 0.7020089285714286 0.15178571428571427 0.13616071428571427
1 0.453125 0.671875 0.12946428571428573 0.10267857142857142
1 0.5580357142857143 0.6350446428571429 0.125 0.09151785714285714
1 0.7488839285714286 0.5602678571428571 0.14955357142857142 0.09375
1 0.6573660714285714 0.6004464285714286 0.109375 0.08482142857142858
1 0.8448660714285714 0.5357142857142857 0.08258928571428571 0.08035714285714286
1 0.19754464285714285 0.5926339285714286 0.08258928571428571 0.06919642857142858
1 0.28013392857142855 0.5926339285714286 0.06919642857142858 0.05133928571428571
1 0.3470982142857143 0.5725446428571429 0.06919642857142858 0.06473214285714286
1 0.4185267857142857 0.5613839285714286 0.060267857142857144 0.060267857142857144
1 0.5111607142857143 0.546875 0.08482142857142858 0.05803571428571429
1 0.6049107142857143 0.5200892857142857 0.07589285714285714 0.049107142857142856
1 0.3080357142857143 0.7020089285714286 0.15178571428571427 0.13616071428571427
1 0.453125 0.671875 0.12946428571428573 0.10267857142857142
1 0.5580357142857143 0.6350446428571429 0.125 0.09151785714285714
1 0.7488839285714286 0.5602678571428571 0.14955357142857142 0.09375
1 0.6573660714285714 0.6004464285714286 0.109375 0.08482142857142858
1 0.8448660714285714 0.5357142857142857 0.08258928571428571 0.08035714285714286
1 0.19754464285714285 0.5926339285714286 0.08258928571428571 0.06919642857142858
1 0.28013392857142855 0.5926339285714286 0.06919642857142858 0.05133928571428571
1 0.3470982142857143 0.5725446428571429 0.06919642857142858 0.06473214285714286
1 0.4185267857142857 0.5613839285714286 0.060267857142857144 0.060267857142857144
1 0.5111607142857143 0.546875 0.08482142857142858 0.05803571428571429
1 0.6049107142857143 0.5200892857142857 0.07589285714285714 0.049107142857142856
1 0.3080357142857143 0.7020089285714286 0.15178571428571427 0.13616071428571427
1 0.453125 0.671875 0.12946428571428573 0.10267857142857142
1 0.5580357142857143 0.6350446428571429 0.125 0.09151785714285714
1 0.7488839285714286 0.5602678571428571 0.14955357142857142 0.09375
1 0.6573660714285714 0.6004464285714286 0.109375 0.08482142857142858
1 0.8448660714285714 0.5357142857142857 0.08258928571428571 0.08035714285714286
