1 0.26775223214285715 0.7201383928571429 0.24086160714285715 0.2527767857142857
1 0.4485446428571428 0.7030424107142857 0.28994642857142855 0.25429910714285714
1 0.62340625 0.7068058035714285 0.15752678571428572 0.1546830357142857
1 0.7175647321428571 0.6926584821428571 0.19405803571428573 0.12638839285714284
1 0.26775223214285715 0.7201383928571429 0.24086160714285715 0.2527767857142857
1 0.4485446428571428 0.7030424107142857 0.28994642857142855 0.25429910714285714
1 0.62340625 0.7068058035714285 0.15752678571428572 0.1546830357142857
1 0.7175647321428571 0.6926584821428571 0.19405803571428573 0.12638839285714284
1 0.26775223214285715 0.7201383928571429 0.24086160714285715 0.2527767857142857
1 0.4485446428571428 0.7030424107142857 0.28994642857142855 0.25429910714285714
1 0.62340625 0.7068058035714285 0.15752678571428572 0.1546830357142857
1 0.7175647321428571 0.6926584821428571 0.19405803571428573 0.12638839285714284
1 0.26775223214285715 0.7201383928571429 0.24086160714285715 0.2527767857142857
1 0.4485446428571428 0.7030424107142857 0.28994642857142855 0.25429910714285714
1 0.62340625 0.7068058035714285 0.15752678571428572 0.1546830357142857
1 0.7175647321428571 0.6926584821428571 0.19405803571428573 0.12638839285714284
1 0.26775223214285715 0.7201383928571429 0.24086160714285715 0.2527767857142857
1 0.4485446428571428 0.7030424107142857 0.28994642857142855 0.25429910714285714
1 0.62340625 0.7068058035714285 0.15752678571428572 0.1546830357142857
1 0.7175647321428571 0.6926584821428571 0.19405803571428573 0.12638839285714284
