0 0.6981629464285714 0.8594955357142856 0.5838258928571428 0.28149107142857144
0 0.8094776785714286 0.7626852678571429 0.37788392857142855 0.16822767857142856
0 0.9058861607142857 0.6766160714285715 0.18677232142857145 0.04966071428571429
0 0.19614285714285715 0.6905290178571428 0.21371428571428572 0.04177232142857142
0 0.08281696428571428 0.7258236607142857 0.16563392857142856 0.05879017857142858
0 0.2973928571428571 0.663513392857143 0.193 0.03238392857142857
0 0.36919196428571427 0.6357544642857142 0.15802678571428572 0.02150892857142857
0 0.4500491071428572 0.6194218749999999 0.16795535714285714 0.015629464285714285
0 0.5043973214285714 0.6063950892857143 0.16950892857142857 0.016361607142857143
0 0.5569821428571429 0.5962633928571428 0.1675357142857143 0.013955357142857143
1 0.59584375 0.5550714285714285 0.14704464285714286 0.0655
0 0.6981629464285714 0.8594955357142856 0.5838258928571428 0.28149107142857144
0 0.8094776785714286 0.7626852678571429 0.37788392857142855 0.16822767857142856
0 0.9058861607142857 0.6766160714285715 0.18677232142857145 0.04966071428571429
0 0.19614285714285715 0.6905290178571428 0.21371428571428572 0.04177232142857142
0 0.08281696428571428 0.7258236607142857 0.16563392857142856 0.05879017857142858
0 0.2973928571428571 0.663513392857143 0.193 0.03238392857142857
0 0.36919196428571427 0.6357544642857142 0.15802678571428572 0.02150892857142857
0 0.4500491071428572 0.6194218749999999 0.16795535714285714 0.015629464285714285
0 0.5043973214285714 0.6063950892857143 0.16950892857142857 0.016361607142857143
0 0.5569821428571429 0.5962633928571428 0.1675357142857143 0.013955357142857143
1 0.59584375 0.5550714285714285 0.14704464285714286 0.0655
0 0.6981629464285714 0.8594955357142856 0.5838258928571428 0.28149107142857144
0 0.8094776785714286 0.7626852678571429 0.37788392857142855 0.16822767857142856
0 0.9058861607142857 0.6766160714285715 0.18677232142857145 0.04966071428571429
0 0.19614285714285715 0.6905290178571428 0.21371428571428572 0.04177232142857142
0 0.08281696428571428 0.7258236607142857 0.16563392857142856 0.05879017857142858
0 0.2973928571428571 0.663513392857143 0.193 0.03238392857142857
0 0.36919196428571427 0.6357544642857142 0.15802678571428572 0.02150892857142857
0 0.4500491071428572 0.6194218749999999 0.16795535714285714 0.015629464285714285
0 0.5043973214285714 0.6063950892857143 0.16950892857142857 0.016361607142857143
0 0.5569821428571429 0.5962633928571428 0.1675357142857143 0.013955357142857143
1 0.59584375 0.5550714285714285 0.14704464285714286 0.0655
0 0.6981629464285714 0.8594955357142856 0.5838258928571428 0.28149107142857144
0 0.8094776785714286 0.7626852678571429 0.37788392857142855 0.16822767857142856
0 0.9058861607142857 0.6766160714285715 0.18677232142857145 0.04966071428571429
0 0.19614285714285715 0.6905290178571428 0.21371428571428572 0.04177232142857142
0 0.08281696428571428 0.7258236607142857 0.16563392857142856 0.05879017857142858
0 0.2973928571428571 0.663513392857143 0.193 0.03238392857142857
0 0.36919196428571427 0.6357544642857142 0.15802678571428572 0.02150892857142857
0 0.4500491071428572 0.6194218749999999 0.16795535714285714 0.015629464285714285
0 0.5043973214285714 0.6063950892857143 0.16950892857142857 0.016361607142857143
0 0.5569821428571429 0.5962633928571428 0.1675357142857143 0.013955357142857143
1 0.59584375 0.5550714285714285 0.14704464285714286 0.0655
0 0.6981629464285714 0.8594955357142856 0.5838258928571428 0.28149107142857144
0 0.8094776785714286 0.7626852678571429 0.37788392857142855 0.16822767857142856
0 0.9058861607142857 0.6766160714285715 0.18677232142857145 0.04966071428571429
0 0.19614285714285715 0.6905290178571428 0.21371428571428572 0.04177232142857142
0 0.08281696428571428 0.7258236607142857 0.16563392857142856 0.05879017857142858
0 0.2973928571428571 0.663513392857143 0.193 0.03238392857142857
0 0.36919196428571427 0.6357544642857142 0.15802678571428572 0.02150892857142857
0 0.4500491071428572 0.6194218749999999 0.16795535714285714 0.015629464285714285
0 0.5043973214285714 0.6063950892857143 0.16950892857142857 0.016361607142857143
0 0.5569821428571429 0.5962633928571428 0.1675357142857143 0.013955357142857143
1 0.59584375 0.5550714285714285 0.14704464285714286 0.0655
