1 0.43191964285714285 0.7790178571428571 0.08705357142857142 0.09375
1 0.328125 0.7712053571428571 0.07589285714285714 0.10491071428571429
1 0.21316964285714285 0.7879464285714286 0.05133928571428571 0.06696428571428571
1 0.2689732142857143 0.7801339285714286 0.03794642857142857 0.09598214285714286
1 0.15290178571428573 0.7767857142857143 0.046875 0.08928571428571429
1 0.0859375 0.7712053571428571 0.06473214285714286 0.078125
1 0.6015625 0.7265625 0.11383928571428571 0.078125
0 0.7156406249999999 0.7343258928571429 0.07413839285714285 0.022223214285714284
0 0.7685044642857143 0.7124174107142858 0.054866071428571424 0.014120535714285714
0 0.8143861607142858 0.6999508928571428 0.030558035714285715 0.015973214285714285
0 0.8659241071428572 0.6891696428571429 0.03541964285714286 0.012267857142857145
1 0.024553571428571428 0.78125 0.04017857142857143 0.044642857142857144
1 0.36607142857142855 0.703125 0.026785714285714284 0.013392857142857142
1 0.3984375 0.6953125 0.020089285714285716 0.015625
1 0.7053571428571429 0.6953125 0.026785714285714284 0.024553571428571428
1 0.7421875 0.6897321428571429 0.029017857142857144 0.022321428571428572
1 0.7756696428571429 0.6819196428571429 0.024553571428571428 0.024553571428571428
1 0.5022321428571429 0.6830357142857143 0.03125 0.008928571428571428
1 0.11495535714285714 0.71875 0.024553571428571428 0.017857142857142856
1 0.16517857142857142 0.71875 0.026785714285714284 0.017857142857142856
1 0.19642857142857142 0.7154017857142857 0.017857142857142856 0.020089285714285716
1 0.8526785714285714 0.6741071428571429 0.017857142857142856 0.017857142857142856
1 0.43191964285714285 0.7790178571428571 0.08705357142857142 0.09375
1 0.328125 0.7712053571428571 0.07589285714285714 0.10491071428571429
1 0.21316964285714285 0.7879464285714286 0.05133928571428571 0.06696428571428571
1 0.2689732142857143 0.7801339285714286 0.03794642857142857 0.09598214285714286
1 0.15290178571428573 0.7767857142857143 0.046875 0.08928571428571429
1 0.0859375 0.7712053571428571 0.06473214285714286 0.078125
1 0.6015625 0.7265625 0.11383928571428571 0.078125
0 0.7156406249999999 0.7343258928571429 0.07413839285714285 0.022223214285714284
0 0.7685044642857143 0.7124174107142858 0.054866071428571424 0.014120535714285714
0 0.8143861607142858 0.6999508928571428 0.030558035714285715 0.015973214285714285
0 0.8659241071428572 0.6891696428571429 0.03541964285714286 0.012267857142857145
1 0.024553571428571428 0.78125 0.04017857142857143 0.044642857142857144
1 0.36607142857142855 0.703125 0.026785714285714284 0.013392857142857142
1 0.3984375 0.6953125 0.020089285714285716 0.015625
1 0.7053571428571429 0.6953125 0.026785714285714284 0.024553571428571428
1 0.7421875 0.6897321428571429 0.029017857142857144 0.022321428571428572
1 0.7756696428571429 0.6819196428571429 0.024553571428571428 0.024553571428571428
1 0.5022321428571429 0.6830357142857143 0.03125 0.008928571428571428
1 0.11495535714285714 0.71875 0.024553571428571428 0.017857142857142856
1 0.16517857142857142 0.71875 0.026785714285714284 0.017857142857142856
1 0.19642857142857142 0.7154017857142857 0.017857142857142856 0.020089285714285716
1 0.8526785714285714 0.6741071428571429 0.017857142857142856 0.017857142857142856
1 0.43191964285714285 0.7790178571428571 0.08705357142857142 0.09375
1 0.328125 0.7712053571428571 0.07589285714285714 0.10491071428571429
1 0.21316964285714285 0.7879464285714286 0.05133928571428571 0.06696428571428571
1 0.2689732142857143 0.7801339285714286 0.03794642857142857 0.09598214285714286
1 0.15290178571428573 0.7767857142857143 0.046875 0.08928571428571429
1 0.0859375 0.7712053571428571 0.06473214285714286 0.078125
1 0.6015625 0.7265625 0.11383928571428571 0.078125
0 0.7156406249999999 0.7343258928571429 0.07413839285714285 0.022223214285714284
0 0.7685044642857143 0.7124174107142858 0.054866071428571424 0.014120535714285714
0 0.8143861607142858 0.6999508928571428 0.030558035714285715 0.015973214285714285
0 0.8659241071428572 0.6891696428571429 0.03541964285714286 0.012267857142857145
1 0.024553571428571428 0.78125 0.04017857142857143 0.044642857142857144
1 0.36607142857142855 0.703125 0.026785714285714284 0.013392857142857142
1 0.3984375 0.6953125 0.020089285714285716 0.015625
1 0.7053571428571429 0.6953125 0.026785714285714284 0.024553571428571428
1 0.7421875 0.6897321428571429 0.029017857142857144 0.022321428571428572
1 0.7756696428571429 0.6819196428571429 0.024553571428571428 0.024553571428571428
1 0.5022321428571429 0.6830357142857143 0.03125 0.008928571428571428
1 0.11495535714285714 0.71875 0.024553571428571428 0.017857142857142856
1 0.16517857142857142 0.71875 0.026785714285714284 0.017857142857142856
1 0.19642857142857142 0.7154017857142857 0.017857142857142856 0.020089285714285716
1 0.8526785714285714 0.6741071428571429 0.017857142857142856 0.017857142857142856
1 0.43191964285714285 0.7790178571428571 0.08705357142857142 0.09375
1 0.328125 0.7712053571428571 0.07589285714285714 0.10491071428571429
1 0.21316964285714285 0.7879464285714286 0.05133928571428571 0.06696428571428571
1 0.2689732142857143 0.7801339285714286 0.03794642857142857 0.09598214285714286
1 0.15290178571428573 0.7767857142857143 0.046875 0.08928571428571429
1 0.0859375 0.7712053571428571 0.06473214285714286 0.078125
1 0.6015625 0.7265625 0.11383928571428571 0.078125
0 0.7156406249999999 0.7343258928571429 0.07413839285714285 0.022223214285714284
0 0.7685044642857143 0.7124174107142858 0.054866071428571424 0.014120535714285714
0 0.8143861607142858 0.6999508928571428 0.030558035714285715 0.015973214285714285
0 0.8659241071428572 0.6891696428571429 0.03541964285714286 0.012267857142857145
1 0.024553571428571428 0.78125 0.04017857142857143 0.044642857142857144
1 0.36607142857142855 0.703125 0.026785714285714284 0.013392857142857142
1 0.3984375 0.6953125 0.020089285714285716 0.015625
1 0.7053571428571429 0.6953125 0.026785714285714284 0.024553571428571428
1 0.7421875 0.6897321428571429 0.029017857142857144 0.022321428571428572
1 0.7756696428571429 0.6819196428571429 0.024553571428571428 0.024553571428571428
1 0.5022321428571429 0.6830357142857143 0.03125 0.008928571428571428
1 0.11495535714285714 0.71875 0.024553571428571428 0.017857142857142856
1 0.16517857142857142 0.71875 0.026785714285714284 0.017857142857142856
1 0.19642857142857142 0.7154017857142857 0.017857142857142856 0.020089285714285716
1 0.8526785714285714 0.6741071428571429 0.017857142857142856 0.017857142857142856
1 0.43191964285714285 0.7790178571428571 0.08705357142857142 0.09375
1 0.328125 0.7712053571428571 0.07589285714285714 0.10491071428571429
1 0.21316964285714285 0.7879464285714286 0.05133928571428571 0.06696428571428571
1 0.2689732142857143 0.7801339285714286 0.03794642857142857 0.09598214285714286
1 0.15290178571428573 0.7767857142857143 0.046875 0.08928571428571429
1 0.0859375 0.7712053571428571 0.06473214285714286 0.078125
1 0.6015625 0.7265625 0.11383928571428571 0.078125
0 0.7156406249999999 0.7343258928571429 0.07413839285714285 0.022223214285714284
0 0.7685044642857143 0.7124174107142858 0.054866071428571424 0.014120535714285714
0 0.8143861607142858 0.6999508928571428 0.030558035714285715 0.015973214285714285
0 0.8659241071428572 0.6891696428571429 0.03541964285714286 0.012267857142857145
1 0.024553571428571428 0.78125 0.04017857142857143 0.044642857142857144
1 0.36607142857142855 0.703125 0.026785714285714284 0.013392857142857142
1 0.3984375 0.6953125 0.020089285714285716 0.015625
1 0.7053571428571429 0.6953125 0.026785714285714284 0.024553571428571428
1 0.7421875 0.6897321428571429 0.029017857142857144 0.022321428571428572
1 0.7756696428571429 0.6819196428571429 0.024553571428571428 0.024553571428571428
1 0.5022321428571429 0.6830357142857143 0.03125 0.008928571428571428
1 0.11495535714285714 0.71875 0.024553571428571428 0.017857142857142856
1 0.16517857142857142 0.71875 0.026785714285714284 0.017857142857142856
1 0.19642857142857142 0.7154017857142857 0.017857142857142856 0.020089285714285716
1 0.8526785714285714 0.6741071428571429 0.017857142857142856 0.017857142857142856
