1 0.5412946428571429 0.7176339285714286 0.18080357142857142 0.10491071428571429
1 0.32700892857142855 0.7120535714285714 0.09151785714285714 0.09375
1 0.24107142857142858 0.7299107142857143 0.07142857142857142 0.08482142857142858
1 0.12388392857142858 0.6886160714285714 0.140625 0.046875
1 0.03571428571428571 0.6852678571428571 0.03571428571428571 0.049107142857142856
1 0.8537946428571429 0.6484375 0.046875 0.046875
1 0.6752232142857143 0.6462053571428571 0.046875 0.04241071428571429
1 0.46875 0.6361607142857143 0.05357142857142857 0.03125
1 0.5535714285714286 0.6305803571428571 0.05357142857142857 0.020089285714285716
1 0.19866071428571427 0.6517857142857143 0.049107142857142856 0.026785714285714284
0 0.8237075892857143 0.6876696428571429 0.08491517857142858 0.018196428571428568
0 0.797236607142857 0.6704866071428571 0.05875892857142857 0.01061607142857143
0 0.7590290178571429 0.6833325892857143 0.08055803571428573 0.018450892857142857
0 0.7488772321428572 0.6662745535714285 0.06918303571428572 0.011120535714285715
0 0.6900647321428571 0.6827008928571429 0.08548660714285715 0.0171875
0 0.6812388392857143 0.7390200892857143 0.09462053571428572 0.04054017857142857
0 0.3505223214285714 0.7908616071428571 0.14747321428571428 0.05493749999999999
0 0.1606875 0.7445848214285714 0.08030357142857143 0.02488392857142857
1 0.5412946428571429 0.7176339285714286 0.18080357142857142 0.10491071428571429
1 0.32700892857142855 0.7120535714285714 0.09151785714285714 0.09375
1 0.24107142857142858 0.7299107142857143 0.07142857142857142 0.08482142857142858
1 0.12388392857142858 0.6886160714285714 0.140625 0.046875
1 0.03571428571428571 0.6852678571428571 0.03571428571428571 0.049107142857142856
1 0.8537946428571429 0.6484375 0.046875 0.046875
1 0.6752232142857143 0.6462053571428571 0.046875 0.04241071428571429
1 0.46875 0.6361607142857143 0.05357142857142857 0.03125
1 0.5535714285714286 0.6305803571428571 0.05357142857142857 0.020089285714285716
1 0.19866071428571427 0.6517857142857143 0.049107142857142856 0.026785714285714284
0 0.8237075892857143 0.6876696428571429 0.08491517857142858 0.018196428571428568
0 0.797236607142857 0.6704866071428571 0.05875892857142857 0.01061607142857143
0 0.7590290178571429 0.6833325892857143 0.08055803571428573 0.018450892857142857
0 0.7488772321428572 0.6662745535714285 0.06918303571428572 0.011120535714285715
0 0.6900647321428571 0.6827008928571429 0.08548660714285715 0.0171875
0 0.6812388392857143 0.7390200892857143 0.09462053571428572 0.04054017857142857
0 0.3505223214285714 0.7908616071428571 0.14747321428571428 0.05493749999999999
0 0.1606875 0.7445848214285714 0.08030357142857143 0.02488392857142857
1 0.5412946428571429 0.7176339285714286 0.18080357142857142 0.10491071428571429
1 0.32700892857142855 0.7120535714285714 0.09151785714285714 0.09375
1 0.24107142857142858 0.7299107142857143 0.07142857142857142 0.08482142857142858
1 0.12388392857142858 0.6886160714285714 0.140625 0.046875
1 0.03571428571428571 0.6852678571428571 0.03571428571428571 0.049107142857142856
1 0.8537946428571429 0.6484375 0.046875 0.046875
1 0.6752232142857143 0.6462053571428571 0.046875 0.04241071428571429
1 0.46875 0.6361607142857143 0.05357142857142857 0.03125
1 0.5535714285714286 0.6305803571428571 0.05357142857142857 0.020089285714285716
1 0.19866071428571427 0.6517857142857143 0.049107142857142856 0.026785714285714284
0 0.8237075892857143 0.6876696428571429 0.08491517857142858 0.018196428571428568
0 0.797236607142857 0.6704866071428571 0.05875892857142857 0.01061607142857143
0 0.7590290178571429 0.6833325892857143 0.08055803571428573 0.018450892857142857
0 0.7488772321428572 0.6662745535714285 0.06918303571428572 0.011120535714285715
0 0.6900647321428571 0.6827008928571429 0.08548660714285715 0.0171875
0 0.6812388392857143 0.7390200892857143 0.09462053571428572 0.04054017857142857
0 0.3505223214285714 0.7908616071428571 0.14747321428571428 0.05493749999999999
0 0.1606875 0.7445848214285714 0.08030357142857143 0.02488392857142857
1 0.5412946428571429 0.7176339285714286 0.18080357142857142 0.10491071428571429
1 0.32700892857142855 0.7120535714285714 0.09151785714285714 0.09375
1 0.24107142857142858 0.7299107142857143 0.07142857142857142 0.08482142857142858
1 0.12388392857142858 0.6886160714285714 0.140625 0.046875
1 0.03571428571428571 0.6852678571428571 0.03571428571428571 0.049107142857142856
1 0.8537946428571429 0.6484375 0.046875 0.046875
1 0.6752232142857143 0.6462053571428571 0.046875 0.04241071428571429
1 0.46875 0.6361607142857143 0.05357142857142857 0.03125
1 0.5535714285714286 0.6305803571428571 0.05357142857142857 0.020089285714285716
1 0.19866071428571427 0.6517857142857143 0.049107142857142856 0.026785714285714284
0 0.8237075892857143 0.6876696428571429 0.08491517857142858 0.018196428571428568
0 0.797236607142857 0.6704866071428571 0.05875892857142857 0.01061607142857143
0 0.7590290178571429 0.6833325892857143 0.08055803571428573 0.018450892857142857
0 0.7488772321428572 0.6662745535714285 0.06918303571428572 0.011120535714285715
0 0.6900647321428571 0.6827008928571429 0.08548660714285715 0.0171875
0 0.6812388392857143 0.7390200892857143 0.09462053571428572 0.04054017857142857
0 0.3505223214285714 0.7908616071428571 0.14747321428571428 0.05493749999999999
0 0.1606875 0.7445848214285714 0.08030357142857143 0.02488392857142857
1 0.5412946428571429 0.7176339285714286 0.18080357142857142 0.10491071428571429
1 0.32700892857142855 0.7120535714285714 0.09151785714285714 0.09375
1 0.24107142857142858 0.7299107142857143 0.07142857142857142 0.08482142857142858
1 0.12388392857142858 0.6886160714285714 0.140625 0.046875
1 0.03571428571428571 0.6852678571428571 0.03571428571428571 0.049107142857142856
1 0.8537946428571429 0.6484375 0.046875 0.046875
1 0.6752232142857143 0.6462053571428571 0.046875 0.04241071428571429
1 0.46875 0.6361607142857143 0.05357142857142857 0.03125
1 0.5535714285714286 0.6305803571428571 0.05357142857142857 0.020089285714285716
1 0.19866071428571427 0.6517857142857143 0.049107142857142856 0.026785714285714284
0 0.8237075892857143 0.6876696428571429 0.08491517857142858 0.018196428571428568
0 0.797236607142857 0.6704866071428571 0.05875892857142857 0.01061607142857143
0 0.7590290178571429 0.6833325892857143 0.08055803571428573 0.018450892857142857
0 0.7488772321428572 0.6662745535714285 0.06918303571428572 0.011120535714285715
0 0.6900647321428571 0.6827008928571429 0.08548660714285715 0.0171875
0 0.6812388392857143 0.7390200892857143 0.09462053571428572 0.04054017857142857
0 0.3505223214285714 0.7908616071428571 0.14747321428571428 0.05493749999999999
0 0.1606875 0.7445848214285714 0.08030357142857143 0.02488392857142857
