1 0.45399776785714285 0.7042120535714286 0.08656696428571428 0.024495535714285716
1 0.21642410714285715 0.7122410714285714 0.2185625 0.11198214285714285
1 0.10037053571428571 0.7139933035714287 0.17395535714285715 0.09762946428571428
1 0.39015625 0.6796919642857143 0.09281249999999999 0.06474107142857143
1 0.5966941964285715 0.6641785714285715 0.041602678571428575 0.03371428571428571
1 0.6410669642857142 0.66428125 0.0410625 0.03391964285714286
1 0.6797834821428571 0.6656383928571429 0.05599553571428571 0.03663392857142857
1 0.5571116071428571 0.6636607142857143 0.04279464285714286 0.041607142857142856
1 0.5247098214285714 0.6600424107142857 0.0315625 0.034370535714285715
1 0.46817187499999996 0.6631517857142857 0.04348660714285714 0.031660714285714285
1 0.3161919642857143 0.6558058035714286 0.04309821428571429 0.03482589285714286
1 0.43638839285714287 0.6602700892857143 0.04241964285714286 0.03482589285714286
0 0.33684598214285716 0.7010089285714286 0.08440625 0.018089285714285714
0 0.32722098214285716 0.6898191964285714 0.06515625 0.013566964285714286
1 0.45399776785714285 0.7042120535714286 0.08656696428571428 0.024495535714285716
1 0.21642410714285715 0.7122410714285714 0.2185625 0.11198214285714285
1 0.10037053571428571 0.7139933035714287 0.17395535714285715 0.09762946428571428
1 0.39015625 0.6796919642857143 0.09281249999999999 0.06474107142857143
1 0.5966941964285715 0.6641785714285715 0.041602678571428575 0.03371428571428571
1 0.6410669642857142 0.66428125 0.0410625 0.03391964285714286
1 0.6797834821428571 0.6656383928571429 0.05599553571428571 0.03663392857142857
1 0.5571116071428571 0.6636607142857143 0.04279464285714286 0.041607142857142856
1 0.5247098214285714 0.6600424107142857 0.0315625 0.034370535714285715
1 0.46817187499999996 0.6631517857142857 0.04348660714285714 0.031660714285714285
1 0.3161919642857143 0.6558058035714286 0.04309821428571429 0.03482589285714286
1 0.43638839285714287 0.6602700892857143 0.04241964285714286 0.03482589285714286
0 0.33684598214285716 0.7010089285714286 0.08440625 0.018089285714285714
0 0.32722098214285716 0.6898191964285714 0.06515625 0.013566964285714286
1 0.45399776785714285 0.7042120535714286 0.08656696428571428 0.024495535714285716
1 0.21642410714285715 0.7122410714285714 0.2185625 0.11198214285714285
1 0.10037053571428571 0.7139933035714287 0.17395535714285715 0.09762946428571428
1 0.39015625 0.6796919642857143 0.09281249999999999 0.06474107142857143
1 0.5966941964285715 0.6641785714285715 0.041602678571428575 0.03371428571428571
1 0.6410669642857142 0.66428125 0.0410625 0.03391964285714286
1 0.6797834821428571 0.6656383928571429 0.05599553571428571 0.03663392857142857
1 0.5571116071428571 0.6636607142857143 0.04279464285714286 0.041607142857142856
1 0.5247098214285714 0.6600424107142857 0.0315625 0.034370535714285715
1 0.46817187499999996 0.6631517857142857 0.04348660714285714 0.031660714285714285
1 0.3161919642857143 0.6558058035714286 0.04309821428571429 0.03482589285714286
1 0.43638839285714287 0.6602700892857143 0.04241964285714286 0.03482589285714286
0 0.33684598214285716 0.7010089285714286 0.08440625 0.018089285714285714
0 0.32722098214285716 0.6898191964285714 0.06515625 0.013566964285714286
1 0.45399776785714285 0.7042120535714286 0.08656696428571428 0.024495535714285716
1 0.21642410714285715 0.7122410714285714 0.2185625 0.11198214285714285
1 0.10037053571428571 0.7139933035714287 0.17395535714285715 0.09762946428571428
1 0.39015625 0.6796919642857143 0.09281249999999999 0.06474107142857143
1 0.5966941964285715 0.6641785714285715 0.041602678571428575 0.03371428571428571
1 0.6410669642857142 0.66428125 0.0410625 0.03391964285714286
1 0.6797834821428571 0.6656383928571429 0.05599553571428571 0.03663392857142857
1 0.5571116071428571 0.6636607142857143 0.04279464285714286 0.041607142857142856
1 0.5247098214285714 0.6600424107142857 0.0315625 0.034370535714285715
1 0.46817187499999996 0.6631517857142857 0.04348660714285714 0.031660714285714285
1 0.3161919642857143 0.6558058035714286 0.04309821428571429 0.03482589285714286
1 0.43638839285714287 0.6602700892857143 0.04241964285714286 0.03482589285714286
0 0.33684598214285716 0.7010089285714286 0.08440625 0.018089285714285714
0 0.32722098214285716 0.6898191964285714 0.06515625 0.013566964285714286
1 0.45399776785714285 0.7042120535714286 0.08656696428571428 0.024495535714285716
1 0.21642410714285715 0.7122410714285714 0.2185625 0.11198214285714285
1 0.10037053571428571 0.7139933035714287 0.17395535714285715 0.09762946428571428
1 0.39015625 0.6796919642857143 0.09281249999999999 0.06474107142857143
1 0.5966941964285715 0.6641785714285715 0.041602678571428575 0.03371428571428571
1 0.6410669642857142 0.66428125 0.0410625 0.03391964285714286
1 0.6797834821428571 0.6656383928571429 0.05599553571428571 0.03663392857142857
1 0.5571116071428571 0.6636607142857143 0.04279464285714286 0.041607142857142856
1 0.5247098214285714 0.6600424107142857 0.0315625 0.034370535714285715
1 0.46817187499999996 0.6631517857142857 0.04348660714285714 0.031660714285714285
1 0.3161919642857143 0.6558058035714286 0.04309821428571429 0.03482589285714286
1 0.43638839285714287 0.6602700892857143 0.04241964285714286 0.03482589285714286
0 0.33684598214285716 0.7010089285714286 0.08440625 0.018089285714285714
0 0.32722098214285716 0.6898191964285714 0.06515625 0.013566964285714286
