1 0.22515848214285714 0.3255200892857143 0.11103125 0.07068303571428572
1 0.3478549107142857 0.329828125 0.08856696428571428 0.052513392857142856
1 0.40664955357142857 0.3260066964285714 0.07222767857142856 0.04487053571428572
1 0.5275178571428571 0.31690178571428573 0.10860714285714286 0.062375
1 0.5897098214285714 0.3091875 0.06334821428571429 0.055875
1 0.6121517857142857 0.3070825892857143 0.07251785714285715 0.05166517857142857
1 0.67896875 0.3002142857142857 0.08115178571428572 0.04685714285714286
1 0.88375 0.32651785714285714 0.2317857142857143 0.1530357142857143
0 0.31652455357142856 0.36792857142857144 0.1151919642857143 0.02157142857142857
0 0.3702433035714286 0.36005133928571426 0.12441517857142857 0.014745535714285714
0 0.4374776785714286 0.35172544642857145 0.10709821428571428 0.007022321428571428
0 0.4816495535714286 0.3468839285714286 0.10615625 0.006267857142857143
0 0.06592410714285714 0.35347991071428575 0.07827678571428572 0.01053125
0 0.1055625 0.35296875 0.07719642857142858 0.009508928571428571
1 0.22515848214285714 0.3255200892857143 0.11103125 0.07068303571428572
1 0.3478549107142857 0.329828125 0.08856696428571428 0.052513392857142856
1 0.40664955357142857 0.3260066964285714 0.07222767857142856 0.04487053571428572
1 0.5275178571428571 0.31690178571428573 0.10860714285714286 0.062375
1 0.5897098214285714 0.3091875 0.06334821428571429 0.055875
1 0.6121517857142857 0.3070825892857143 0.07251785714285715 0.05166517857142857
1 0.67896875 0.3002142857142857 0.08115178571428572 0.04685714285714286
1 0.88375 0.32651785714285714 0.2317857142857143 0.1530357142857143
0 0.31652455357142856 0.36792857142857144 0.1151919642857143 0.02157142857142857
0 0.3702433035714286 0.36005133928571426 0.12441517857142857 0.014745535714285714
0 0.4374776785714286 0.35172544642857145 0.10709821428571428 0.007022321428571428
0 0.4816495535714286 0.3468839285714286 0.10615625 0.006267857142857143
0 0.06592410714285714 0.35347991071428575 0.07827678571428572 0.01053125
0 0.1055625 0.35296875 0.07719642857142858 0.009508928571428571
1 0.22515848214285714 0.3255200892857143 0.11103125 0.07068303571428572
1 0.3478549107142857 0.329828125 0.08856696428571428 0.052513392857142856
1 0.40664955357142857 0.3260066964285714 0.07222767857142856 0.04487053571428572
1 0.5275178571428571 0.31690178571428573 0.10860714285714286 0.062375
1 0.5897098214285714 0.3091875 0.06334821428571429 0.055875
1 0.6121517857142857 0.3070825892857143 0.07251785714285715 0.05166517857142857
1 0.67896875 0.3002142857142857 0.08115178571428572 0.04685714285714286
1 0.88375 0.32651785714285714 0.2317857142857143 0.1530357142857143
0 0.31652455357142856 0.36792857142857144 0.1151919642857143 0.02157142857142857
0 0.3702433035714286 0.36005133928571426 0.12441517857142857 0.014745535714285714
0 0.4374776785714286 0.35172544642857145 0.10709821428571428 0.007022321428571428
0 0.4816495535714286 0.3468839285714286 0.10615625 0.006267857142857143
0 0.06592410714285714 0.35347991071428575 0.07827678571428572 0.01053125
0 0.1055625 0.35296875 0.07719642857142858 0.009508928571428571
1 0.22515848214285714 0.3255200892857143 0.11103125 0.07068303571428572
1 0.3478549107142857 0.329828125 0.08856696428571428 0.052513392857142856
1 0.40664955357142857 0.3260066964285714 0.07222767857142856 0.04487053571428572
1 0.5275178571428571 0.31690178571428573 0.10860714285714286 0.062375
1 0.5897098214285714 0.3091875 0.06334821428571429 0.055875
1 0.6121517857142857 0.3070825892857143 0.07251785714285715 0.05166517857142857
1 0.67896875 0.3002142857142857 0.08115178571428572 0.04685714285714286
1 0.88375 0.32651785714285714 0.2317857142857143 0.1530357142857143
0 0.31652455357142856 0.36792857142857144 0.1151919642857143 0.02157142857142857
0 0.3702433035714286 0.36005133928571426 0.12441517857142857 0.014745535714285714
0 0.4374776785714286 0.35172544642857145 0.10709821428571428 0.007022321428571428
0 0.4816495535714286 0.3468839285714286 0.10615625 0.006267857142857143
0 0.06592410714285714 0.35347991071428575 0.07827678571428572 0.01053125
0 0.1055625 0.35296875 0.07719642857142858 0.009508928571428571
1 0.22515848214285714 0.3255200892857143 0.11103125 0.07068303571428572
1 0.3478549107142857 0.329828125 0.08856696428571428 0.052513392857142856
1 0.40664955357142857 0.3260066964285714 0.07222767857142856 0.04487053571428572
1 0.5275178571428571 0.31690178571428573 0.10860714285714286 0.062375
1 0.5897098214285714 0.3091875 0.06334821428571429 0.055875
1 0.6121517857142857 0.3070825892857143 0.07251785714285715 0.05166517857142857
1 0.67896875 0.3002142857142857 0.08115178571428572 0.04685714285714286
1 0.88375 0.32651785714285714 0.2317857142857143 0.1530357142857143
0 0.31652455357142856 0.36792857142857144 0.1151919642857143 0.02157142857142857
0 0.3702433035714286 0.36005133928571426 0.12441517857142857 0.014745535714285714
0 0.4374776785714286 0.35172544642857145 0.10709821428571428 0.007022321428571428
0 0.4816495535714286 0.3468839285714286 0.10615625 0.006267857142857143
0 0.06592410714285714 0.35347991071428575 0.07827678571428572 0.01053125
0 0.1055625 0.35296875 0.07719642857142858 0.009508928571428571
