0 0.8046875 0.7924107142857143 0.2700892857142857 0.05803571428571429
0 0.8772321428571429 0.7388392857142857 0.21875 0.022321428571428572
0 0.39174107142857145 0.7243303571428571 0.060267857142857144 0.002232142857142857
0 0.28125 0.7477678571428571 0.044642857142857144 0.022321428571428572
0 0.18415178571428573 0.7377232142857143 0.046875 0.011160714285714286
0 0.3080357142857143 0.7154017857142857 0.044642857142857144 0.011160714285714286
1 0.515625 0.6763392857142857 0.05803571428571429 0.05803571428571429
1 0.5625 0.6741071428571429 0.026785714285714284 0.044642857142857144
1 0.6015625 0.6729910714285714 0.024553571428571428 0.04241071428571429
1 0.6428571428571429 0.6573660714285714 0.026785714285714284 0.046875
1 0.6875 0.6540178571428571 0.03571428571428571 0.04017857142857143
1 0.7209821428571429 0.6439732142857143 0.022321428571428572 0.03794642857142857
1 0.4017857142857143 0.6796875 0.044642857142857144 0.046875
1 0.27120535714285715 0.6863839285714286 0.04241071428571429 0.033482142857142856
1 0.22321428571428573 0.6919642857142857 0.044642857142857144 0.03571428571428571
1 0.16964285714285715 0.6953125 0.05357142857142857 0.033482142857142856
1 0.7857142857142857 0.6272321428571429 0.026785714285714284 0.03125
1 0.8080357142857143 0.6127232142857143 0.017857142857142856 0.029017857142857144
1 0.8995535714285714 0.6707589285714286 0.15625 0.08258928571428571
1 0.8292410714285714 0.6183035714285714 0.015625 0.022321428571428572
1 0.8515625 0.5993303571428571 0.024553571428571428 0.029017857142857144
1 0.11495535714285714 0.6908482142857143 0.04241071428571429 0.05133928571428571
0 0.8046875 0.7924107142857143 0.2700892857142857 0.05803571428571429
0 0.8772321428571429 0.7388392857142857 0.21875 0.022321428571428572
0 0.39174107142857145 0.7243303571428571 0.060267857142857144 0.002232142857142857
0 0.28125 0.7477678571428571 0.044642857142857144 0.022321428571428572
0 0.18415178571428573 0.7377232142857143 0.046875 0.011160714285714286
0 0.3080357142857143 0.7154017857142857 0.044642857142857144 0.011160714285714286
1 0.515625 0.6763392857142857 0.05803571428571429 0.05803571428571429
1 0.5625 0.6741071428571429 0.026785714285714284 0.044642857142857144
1 0.6015625 0.6729910714285714 0.024553571428571428 0.04241071428571429
1 0.6428571428571429 0.6573660714285714 0.026785714285714284 0.046875
1 0.6875 0.6540178571428571 0.03571428571428571 0.04017857142857143
1 0.7209821428571429 0.6439732142857143 0.022321428571428572 0.03794642857142857
1 0.4017857142857143 0.6796875 0.044642857142857144 0.046875
1 0.27120535714285715 0.6863839285714286 0.04241071428571429 0.033482142857142856
1 0.22321428571428573 0.6919642857142857 0.044642857142857144 0.03571428571428571
1 0.16964285714285715 0.6953125 0.05357142857142857 0.033482142857142856
1 0.7857142857142857 0.6272321428571429 0.026785714285714284 0.03125
1 0.8080357142857143 0.6127232142857143 0.017857142857142856 0.029017857142857144
1 0.8995535714285714 0.6707589285714286 0.15625 0.08258928571428571
1 0.8292410714285714 0.6183035714285714 0.015625 0.022321428571428572
1 0.8515625 0.5993303571428571 0.024553571428571428 0.029017857142857144
1 0.11495535714285714 0.6908482142857143 0.04241071428571429 0.05133928571428571
0 0.8046875 0.7924107142857143 0.2700892857142857 0.05803571428571429
0 0.8772321428571429 0.7388392857142857 0.21875 0.022321428571428572
0 0.39174107142857145 0.7243303571428571 0.060267857142857144 0.002232142857142857
0 0.28125 0.7477678571428571 0.044642857142857144 0.022321428571428572
0 0.18415178571428573 0.7377232142857143 0.046875 0.011160714285714286
0 0.3080357142857143 0.7154017857142857 0.044642857142857144 0.011160714285714286
1 0.515625 0.6763392857142857 0.05803571428571429 0.05803571428571429
1 0.5625 0.6741071428571429 0.026785714285714284 0.044642857142857144
1 0.6015625 0.6729910714285714 0.024553571428571428 0.04241071428571429
1 0.6428571428571429 0.6573660714285714 0.026785714285714284 0.046875
1 0.6875 0.6540178571428571 0.03571428571428571 0.04017857142857143
1 0.7209821428571429 0.6439732142857143 0.022321428571428572 0.03794642857142857
1 0.4017857142857143 0.6796875 0.044642857142857144 0.046875
1 0.27120535714285715 0.6863839285714286 0.04241071428571429 0.033482142857142856
1 0.22321428571428573 0.6919642857142857 0.044642857142857144 0.03571428571428571
1 0.16964285714285715 0.6953125 0.05357142857142857 0.033482142857142856
1 0.7857142857142857 0.6272321428571429 0.026785714285714284 0.03125
1 0.8080357142857143 0.6127232142857143 0.017857142857142856 0.029017857142857144
1 0.8995535714285714 0.6707589285714286 0.15625 0.08258928571428571
1 0.8292410714285714 0.6183035714285714 0.015625 0.022321428571428572
1 0.8515625 0.5993303571428571 0.024553571428571428 0.029017857142857144
1 0.11495535714285714 0.6908482142857143 0.04241071428571429 0.05133928571428571
0 0.8046875 0.7924107142857143 0.2700892857142857 0.05803571428571429
0 0.8772321428571429 0.7388392857142857 0.21875 0.022321428571428572
0 0.39174107142857145 0.7243303571428571 0.060267857142857144 0.002232142857142857
0 0.28125 0.7477678571428571 0.044642857142857144 0.022321428571428572
0 0.18415178571428573 0.7377232142857143 0.046875 0.011160714285714286
0 0.3080357142857143 0.7154017857142857 0.044642857142857144 0.011160714285714286
1 0.515625 0.6763392857142857 0.05803571428571429 0.05803571428571429
1 0.5625 0.6741071428571429 0.026785714285714284 0.044642857142857144
1 0.6015625 0.6729910714285714 0.024553571428571428 0.04241071428571429
1 0.6428571428571429 0.6573660714285714 0.026785714285714284 0.046875
1 0.6875 0.6540178571428571 0.03571428571428571 0.04017857142857143
1 0.7209821428571429 0.6439732142857143 0.022321428571428572 0.03794642857142857
1 0.4017857142857143 0.6796875 0.044642857142857144 0.046875
1 0.27120535714285715 0.6863839285714286 0.04241071428571429 0.033482142857142856
1 0.22321428571428573 0.6919642857142857 0.044642857142857144 0.03571428571428571
1 0.16964285714285715 0.6953125 0.05357142857142857 0.033482142857142856
1 0.7857142857142857 0.6272321428571429 0.026785714285714284 0.03125
1 0.8080357142857143 0.6127232142857143 0.017857142857142856 0.029017857142857144
1 0.8995535714285714 0.6707589285714286 0.15625 0.08258928571428571
1 0.8292410714285714 0.6183035714285714 0.015625 0.022321428571428572
1 0.8515625 0.5993303571428571 0.024553571428571428 0.029017857142857144
1 0.11495535714285714 0.6908482142857143 0.04241071428571429 0.05133928571428571
0 0.8046875 0.7924107142857143 0.2700892857142857 0.05803571428571429
0 0.8772321428571429 0.7388392857142857 0.21875 0.022321428571428572
0 0.39174107142857145 0.7243303571428571 0.060267857142857144 0.002232142857142857
0 0.28125 0.7477678571428571 0.044642857142857144 0.022321428571428572
0 0.18415178571428573 0.7377232142857143 0.046875 0.011160714285714286
0 0.3080357142857143 0.7154017857142857 0.044642857142857144 0.011160714285714286
1 0.515625 0.6763392857142857 0.05803571428571429 0.05803571428571429
1 0.5625 0.6741071428571429 0.026785714285714284 0.044642857142857144
1 0.6015625 0.6729910714285714 0.024553571428571428 0.04241071428571429
1 0.6428571428571429 0.6573660714285714 0.026785714285714284 0.046875
1 0.6875 0.6540178571428571 0.03571428571428571 0.04017857142857143
1 0.7209821428571429 0.6439732142857143 0.022321428571428572 0.03794642857142857
1 0.4017857142857143 0.6796875 0.044642857142857144 0.046875
1 0.27120535714285715 0.6863839285714286 0.04241071428571429 0.033482142857142856
1 0.22321428571428573 0.6919642857142857 0.044642857142857144 0.03571428571428571
1 0.16964285714285715 0.6953125 0.05357142857142857 0.033482142857142856
1 0.7857142857142857 0.6272321428571429 0.026785714285714284 0.03125
1 0.8080357142857143 0.6127232142857143 0.017857142857142856 0.029017857142857144
1 0.8995535714285714 0.6707589285714286 0.15625 0.08258928571428571
1 0.8292410714285714 0.6183035714285714 0.015625 0.022321428571428572
1 0.8515625 0.5993303571428571 0.024553571428571428 0.029017857142857144
1 0.11495535714285714 0.6908482142857143 0.04241071428571429 0.05133928571428571
