1 0.4174107142857143 0.6886160714285714 0.049107142857142856 0.06473214285714286
1 0.45870535714285715 0.6707589285714286 0.033482142857142856 0.06473214285714286
1 0.49888392857142855 0.6729910714285714 0.033482142857142856 0.04241071428571429
1 0.5357142857142857 0.6584821428571429 0.026785714285714284 0.049107142857142856
1 0.2622767857142857 0.6852678571428571 0.04241071428571429 0.07589285714285714
1 0.0390625 0.6897321428571429 0.04241071428571429 0.049107142857142856
1 0.0859375 0.6819196428571429 0.03794642857142857 0.04241071428571429
1 0.13392857142857142 0.6774553571428571 0.044642857142857144 0.05133928571428571
1 0.5669642857142857 0.6350446428571429 0.026785714285714284 0.046875
1 0.6160714285714286 0.6183035714285714 0.017857142857142856 0.049107142857142856
1 0.6529017857142857 0.59375 0.020089285714285716 0.03571428571428571
0 0.8699821428571429 0.73046875 0.2578214285714286 0.03236607142857143
1 0.8404017857142857 0.6662946428571429 0.19866071428571427 0.09151785714285714
1 0.7511160714285714 0.5948660714285714 0.011160714285714286 0.029017857142857144
1 0.7745535714285714 0.6015625 0.022321428571428572 0.024553571428571428
1 0.8895089285714286 0.59375 0.05580357142857143 0.017857142857142856
0 0.29989955357142856 0.7334441964285715 0.20694196428571426 0.020459821428571428
0 0.17053125 0.7781808035714286 0.2696339285714286 0.04743303571428571
1 0.4174107142857143 0.6886160714285714 0.049107142857142856 0.06473214285714286
1 0.45870535714285715 0.6707589285714286 0.033482142857142856 0.06473214285714286
1 0.49888392857142855 0.6729910714285714 0.033482142857142856 0.04241071428571429
1 0.5357142857142857 0.6584821428571429 0.026785714285714284 0.049107142857142856
1 0.2622767857142857 0.6852678571428571 0.04241071428571429 0.07589285714285714
1 0.0390625 0.6897321428571429 0.04241071428571429 0.049107142857142856
1 0.0859375 0.6819196428571429 0.03794642857142857 0.04241071428571429
1 0.13392857142857142 0.6774553571428571 0.044642857142857144 0.05133928571428571
1 0.5669642857142857 0.6350446428571429 0.026785714285714284 0.046875
1 0.6160714285714286 0.6183035714285714 0.017857142857142856 0.049107142857142856
1 0.6529017857142857 0.59375 0.020089285714285716 0.03571428571428571
0 0.8699821428571429 0.73046875 0.2578214285714286 0.03236607142857143
1 0.8404017857142857 0.6662946428571429 0.19866071428571427 0.09151785714285714
1 0.7511160714285714 0.5948660714285714 0.011160714285714286 0.029017857142857144
1 0.7745535714285714 0.6015625 0.022321428571428572 0.024553571428571428
1 0.8895089285714286 0.59375 0.05580357142857143 0.017857142857142856
0 0.29989955357142856 0.7334441964285715 0.20694196428571426 0.020459821428571428
0 0.17053125 0.7781808035714286 0.2696339285714286 0.04743303571428571
1 0.4174107142857143 0.6886160714285714 0.049107142857142856 0.06473214285714286
1 0.45870535714285715 0.6707589285714286 0.033482142857142856 0.06473214285714286
1 0.49888392857142855 0.6729910714285714 0.033482142857142856 0.04241071428571429
1 0.5357142857142857 0.6584821428571429 0.026785714285714284 0.049107142857142856
1 0.2622767857142857 0.6852678571428571 0.04241071428571429 0.07589285714285714
1 0.0390625 0.6897321428571429 0.04241071428571429 0.049107142857142856
1 0.0859375 0.6819196428571429 0.03794642857142857 0.04241071428571429
1 0.13392857142857142 0.6774553571428571 0.044642857142857144 0.05133928571428571
1 0.5669642857142857 0.6350446428571429 0.026785714285714284 0.046875
1 0.6160714285714286 0.6183035714285714 0.017857142857142856 0.049107142857142856
1 0.6529017857142857 0.59375 0.020089285714285716 0.03571428571428571
0 0.8699821428571429 0.73046875 0.2578214285714286 0.03236607142857143
1 0.8404017857142857 0.6662946428571429 0.19866071428571427 0.09151785714285714
1 0.7511160714285714 0.5948660714285714 0.011160714285714286 0.029017857142857144
1 0.7745535714285714 0.6015625 0.022321428571428572 0.024553571428571428
1 0.8895089285714286 0.59375 0.05580357142857143 0.017857142857142856
0 0.29989955357142856 0.7334441964285715 0.20694196428571426 0.020459821428571428
0 0.17053125 0.7781808035714286 0.2696339285714286 0.04743303571428571
1 0.4174107142857143 0.6886160714285714 0.049107142857142856 0.06473214285714286
1 0.45870535714285715 0.6707589285714286 0.033482142857142856 0.06473214285714286
1 0.49888392857142855 0.6729910714285714 0.033482142857142856 0.04241071428571429
1 0.5357142857142857 0.6584821428571429 0.026785714285714284 0.049107142857142856
1 0.2622767857142857 0.6852678571428571 0.04241071428571429 0.07589285714285714
1 0.0390625 0.6897321428571429 0.04241071428571429 0.049107142857142856
1 0.0859375 0.6819196428571429 0.03794642857142857 0.04241071428571429
1 0.13392857142857142 0.6774553571428571 0.044642857142857144 0.05133928571428571
1 0.5669642857142857 0.6350446428571429 0.026785714285714284 0.046875
1 0.6160714285714286 0.6183035714285714 0.017857142857142856 0.049107142857142856
1 0.6529017857142857 0.59375 0.020089285714285716 0.03571428571428571
0 0.8699821428571429 0.73046875 0.2578214285714286 0.03236607142857143
1 0.8404017857142857 0.6662946428571429 0.19866071428571427 0.09151785714285714
1 0.7511160714285714 0.5948660714285714 0.011160714285714286 0.029017857142857144
1 0.7745535714285714 0.6015625 0.022321428571428572 0.024553571428571428
1 0.8895089285714286 0.59375 0.05580357142857143 0.017857142857142856
0 0.29989955357142856 0.7334441964285715 0.20694196428571426 0.020459821428571428
0 0.17053125 0.7781808035714286 0.2696339285714286 0.04743303571428571
1 0.4174107142857143 0.6886160714285714 0.049107142857142856 0.06473214285714286
1 0.45870535714285715 0.6707589285714286 0.033482142857142856 0.06473214285714286
1 0.49888392857142855 0.6729910714285714 0.033482142857142856 0.04241071428571429
1 0.5357142857142857 0.6584821428571429 0.026785714285714284 0.049107142857142856
1 0.2622767857142857 0.6852678571428571 0.04241071428571429 0.07589285714285714
1 0.0390625 0.6897321428571429 0.04241071428571429 0.049107142857142856
1 0.0859375 0.6819196428571429 0.03794642857142857 0.04241071428571429
1 0.13392857142857142 0.6774553571428571 0.044642857142857144 0.05133928571428571
1 0.5669642857142857 0.6350446428571429 0.026785714285714284 0.046875
1 0.6160714285714286 0.6183035714285714 0.017857142857142856 0.049107142857142856
1 0.6529017857142857 0.59375 0.020089285714285716 0.03571428571428571
0 0.8699821428571429 0.73046875 0.2578214285714286 0.03236607142857143
1 0.8404017857142857 0.6662946428571429 0.19866071428571427 0.09151785714285714
1 0.7511160714285714 0.5948660714285714 0.011160714285714286 0.029017857142857144
1 0.7745535714285714 0.6015625 0.022321428571428572 0.024553571428571428
1 0.8895089285714286 0.59375 0.05580357142857143 0.017857142857142856
0 0.29989955357142856 0.7334441964285715 0.20694196428571426 0.020459821428571428
0 0.17053125 0.7781808035714286 0.2696339285714286 0.04743303571428571
