1 0.7486071428571428 0.8155959821428571 0.2561428571428571 0.15797767857142858
1 0.5155959821428572 0.7634107142857143 0.25440625 0.21432142857142858
1 0.20513839285714286 0.7399598214285714 0.32991964285714287 0.2031339285714286
1 0.7292388392857143 0.6604955357142857 0.14597767857142857 0.1513482142857143
1 0.45755357142857145 0.6521205357142856 0.15617857142857144 0.15245535714285713
1 0.8616316964285715 0.5926964285714286 0.08040625 0.06932142857142858
1 0.7796160714285715 0.5960133928571428 0.07708928571428572 0.07595535714285714
1 0.635515625 0.5934330357142857 0.07460267857142856 0.06186607142857143
1 0.5664285714285714 0.5948147321428571 0.07035714285714285 0.06462946428571428
1 0.33567633928571433 0.5818325892857142 0.08206696428571428 0.03866517857142857
1 0.4145982142857143 0.5845491071428571 0.061339285714285714 0.053026785714285714
1 0.10534151785714285 0.7224151785714286 0.2106830357142857 0.19483035714285715
1 0.921609375 0.5805468749999999 0.11107589285714285 0.07180803571428572
0 0.6941584821428571 0.5775133928571429 0.040102678571428574 0.012169642857142856
1 0.6899084821428572 0.5557633928571428 0.03160267857142857 0.02224107142857143
1 0.7868794642857143 0.5484910714285715 0.02911607142857143 0.02555357142857143
0 0.9051517857142857 0.8240245535714286 0.18530357142857143 0.14804910714285713
0 0.8772589285714286 0.7121473214285714 0.209875 0.06715178571428572
0 0.32972321428571433 0.7988370535714286 0.27551785714285715 0.1423169642857143
0 0.3606495535714286 0.6947477678571429 0.08737053571428573 0.05020982142857143
0 0.3838950892857143 0.6207433035714286 0.08921875 0.01827232142857143
0 0.33163839285714286 0.6214642857142857 0.10077678571428572 0.019714285714285715
0 0.28387946428571426 0.6139866071428571 0.1034732142857143 0.022616071428571426
0 0.37035267857142856 0.6064174107142858 0.05320535714285714 0.01640625
0 0.3416852678571428 0.6766227678571429 0.05837053571428571 0.04074553571428572
0 0.6216473214285714 0.6987812499999999 0.06472321428571429 0.06720535714285715
1 0.7486071428571428 0.8155959821428571 0.2561428571428571 0.15797767857142858
1 0.5155959821428572 0.7634107142857143 0.25440625 0.21432142857142858
1 0.20513839285714286 0.7399598214285714 0.32991964285714287 0.2031339285714286
1 0.7292388392857143 0.6604955357142857 0.14597767857142857 0.1513482142857143
1 0.45755357142857145 0.6521205357142856 0.15617857142857144 0.15245535714285713
1 0.8616316964285715 0.5926964285714286 0.08040625 0.06932142857142858
1 0.7796160714285715 0.5960133928571428 0.07708928571428572 0.07595535714285714
1 0.635515625 0.5934330357142857 0.07460267857142856 0.06186607142857143
1 0.5664285714285714 0.5948147321428571 0.07035714285714285 0.06462946428571428
1 0.33567633928571433 0.5818325892857142 0.08206696428571428 0.03866517857142857
1 0.4145982142857143 0.5845491071428571 0.061339285714285714 0.053026785714285714
1 0.10534151785714285 0.7224151785714286 0.2106830357142857 0.19483035714285715
1 0.921609375 0.5805468749999999 0.11107589285714285 0.07180803571428572
0 0.6941584821428571 0.5775133928571429 0.040102678571428574 0.012169642857142856
1 0.6899084821428572 0.5557633928571428 0.03160267857142857 0.02224107142857143
1 0.7868794642857143 0.5484910714285715 0.02911607142857143 0.02555357142857143
0 0.9051517857142857 0.8240245535714286 0.18530357142857143 0.14804910714285713
0 0.8772589285714286 0.7121473214285714 0.209875 0.06715178571428572
0 0.32972321428571433 0.7988370535714286 0.27551785714285715 0.1423169642857143
0 0.3606495535714286 0.6947477678571429 0.08737053571428573 0.05020982142857143
0 0.3838950892857143 0.6207433035714286 0.08921875 0.01827232142857143
0 0.33163839285714286 0.6214642857142857 0.10077678571428572 0.019714285714285715
0 0.28387946428571426 0.6139866071428571 0.1034732142857143 0.022616071428571426
0 0.37035267857142856 0.6064174107142858 0.05320535714285714 0.01640625
0 0.3416852678571428 0.6766227678571429 0.05837053571428571 0.04074553571428572
0 0.6216473214285714 0.6987812499999999 0.06472321428571429 0.06720535714285715
1 0.7486071428571428 0.8155959821428571 0.2561428571428571 0.15797767857142858
1 0.5155959821428572 0.7634107142857143 0.25440625 0.21432142857142858
1 0.20513839285714286 0.7399598214285714 0.32991964285714287 0.2031339285714286
1 0.7292388392857143 0.6604955357142857 0.14597767857142857 0.1513482142857143
1 0.45755357142857145 0.6521205357142856 0.15617857142857144 0.15245535714285713
1 0.8616316964285715 0.5926964285714286 0.08040625 0.06932142857142858
1 0.7796160714285715 0.5960133928571428 0.07708928571428572 0.07595535714285714
1 0.635515625 0.5934330357142857 0.07460267857142856 0.06186607142857143
1 0.5664285714285714 0.5948147321428571 0.07035714285714285 0.06462946428571428
1 0.33567633928571433 0.5818325892857142 0.08206696428571428 0.03866517857142857
1 0.4145982142857143 0.5845491071428571 0.061339285714285714 0.053026785714285714
1 0.10534151785714285 0.7224151785714286 0.2106830357142857 0.19483035714285715
1 0.921609375 0.5805468749999999 0.11107589285714285 0.07180803571428572
0 0.6941584821428571 0.5775133928571429 0.040102678571428574 0.012169642857142856
1 0.6899084821428572 0.5557633928571428 0.03160267857142857 0.02224107142857143
1 0.7868794642857143 0.5484910714285715 0.02911607142857143 0.02555357142857143
0 0.9051517857142857 0.8240245535714286 0.18530357142857143 0.14804910714285713
0 0.8772589285714286 0.7121473214285714 0.209875 0.06715178571428572
0 0.32972321428571433 0.7988370535714286 0.27551785714285715 0.1423169642857143
0 0.3606495535714286 0.6947477678571429 0.08737053571428573 0.05020982142857143
0 0.3838950892857143 0.6207433035714286 0.08921875 0.01827232142857143
0 0.33163839285714286 0.6214642857142857 0.10077678571428572 0.019714285714285715
0 0.28387946428571426 0.6139866071428571 0.1034732142857143 0.022616071428571426
0 0.37035267857142856 0.6064174107142858 0.05320535714285714 0.01640625
0 0.3416852678571428 0.6766227678571429 0.05837053571428571 0.04074553571428572
0 0.6216473214285714 0.6987812499999999 0.06472321428571429 0.06720535714285715
1 0.7486071428571428 0.8155959821428571 0.2561428571428571 0.15797767857142858
1 0.5155959821428572 0.7634107142857143 0.25440625 0.21432142857142858
1 0.20513839285714286 0.7399598214285714 0.32991964285714287 0.2031339285714286
1 0.7292388392857143 0.6604955357142857 0.14597767857142857 0.1513482142857143
1 0.45755357142857145 0.6521205357142856 0.15617857142857144 0.15245535714285713
1 0.8616316964285715 0.5926964285714286 0.08040625 0.06932142857142858
1 0.7796160714285715 0.5960133928571428 0.07708928571428572 0.07595535714285714
1 0.635515625 0.5934330357142857 0.07460267857142856 0.06186607142857143
1 0.5664285714285714 0.5948147321428571 0.07035714285714285 0.06462946428571428
1 0.33567633928571433 0.5818325892857142 0.08206696428571428 0.03866517857142857
1 0.4145982142857143 0.5845491071428571 0.061339285714285714 0.053026785714285714
1 0.10534151785714285 0.7224151785714286 0.2106830357142857 0.19483035714285715
1 0.921609375 0.5805468749999999 0.11107589285714285 0.07180803571428572
0 0.6941584821428571 0.5775133928571429 0.040102678571428574 0.012169642857142856
1 0.6899084821428572 0.5557633928571428 0.03160267857142857 0.02224107142857143
1 0.7868794642857143 0.5484910714285715 0.02911607142857143 0.02555357142857143
0 0.9051517857142857 0.8240245535714286 0.18530357142857143 0.14804910714285713
0 0.8772589285714286 0.7121473214285714 0.209875 0.06715178571428572
0 0.32972321428571433 0.7988370535714286 0.27551785714285715 0.1423169642857143
0 0.3606495535714286 0.6947477678571429 0.08737053571428573 0.05020982142857143
0 0.3838950892857143 0.6207433035714286 0.08921875 0.01827232142857143
0 0.33163839285714286 0.6214642857142857 0.10077678571428572 0.019714285714285715
0 0.28387946428571426 0.6139866071428571 0.1034732142857143 0.022616071428571426
0 0.37035267857142856 0.6064174107142858 0.05320535714285714 0.01640625
0 0.3416852678571428 0.6766227678571429 0.05837053571428571 0.04074553571428572
0 0.6216473214285714 0.6987812499999999 0.06472321428571429 0.06720535714285715
1 0.7486071428571428 0.8155959821428571 0.2561428571428571 0.15797767857142858
1 0.5155959821428572 0.7634107142857143 0.25440625 0.21432142857142858
1 0.20513839285714286 0.7399598214285714 0.32991964285714287 0.2031339285714286
1 0.7292388392857143 0.6604955357142857 0.14597767857142857 0.1513482142857143
1 0.45755357142857145 0.6521205357142856 0.15617857142857144 0.15245535714285713
1 0.8616316964285715 0.5926964285714286 0.08040625 0.06932142857142858
1 0.7796160714285715 0.5960133928571428 0.07708928571428572 0.07595535714285714
1 0.635515625 0.5934330357142857 0.07460267857142856 0.06186607142857143
1 0.5664285714285714 0.5948147321428571 0.07035714285714285 0.06462946428571428
1 0.33567633928571433 0.5818325892857142 0.08206696428571428 0.03866517857142857
1 0.4145982142857143 0.5845491071428571 0.061339285714285714 0.053026785714285714
1 0.10534151785714285 0.7224151785714286 0.2106830357142857 0.19483035714285715
1 0.921609375 0.5805468749999999 0.11107589285714285 0.07180803571428572
0 0.6941584821428571 0.5775133928571429 0.040102678571428574 0.012169642857142856
1 0.6899084821428572 0.5557633928571428 0.03160267857142857 0.02224107142857143
1 0.7868794642857143 0.5484910714285715 0.02911607142857143 0.02555357142857143
0 0.9051517857142857 0.8240245535714286 0.18530357142857143 0.14804910714285713
0 0.8772589285714286 0.7121473214285714 0.209875 0.06715178571428572
0 0.32972321428571433 0.7988370535714286 0.27551785714285715 0.1423169642857143
0 0.3606495535714286 0.6947477678571429 0.08737053571428573 0.05020982142857143
0 0.3838950892857143 0.6207433035714286 0.08921875 0.01827232142857143
0 0.33163839285714286 0.6214642857142857 0.10077678571428572 0.019714285714285715
0 0.28387946428571426 0.6139866071428571 0.1034732142857143 0.022616071428571426
0 0.37035267857142856 0.6064174107142858 0.05320535714285714 0.01640625
0 0.3416852678571428 0.6766227678571429 0.05837053571428571 0.04074553571428572
0 0.6216473214285714 0.6987812499999999 0.06472321428571429 0.06720535714285715
