1 0.5424107142857143 0.5524553571428571 0.15625 0.09598214285714286
1 0.6696428571428571 0.5479910714285714 0.026785714285714284 0.05133928571428571
0 0.35756249999999995 0.6527767857142858 0.38476785714285716 0.11805357142857142
0 0.45019642857142855 0.6280379464285714 0.27539285714285716 0.06857589285714286
0 0.5046495535714286 0.6083839285714285 0.20572767857142857 0.03819642857142857
0 0.24316517857142858 0.7310267857142857 0.42383035714285716 0.140625
1 0.5424107142857143 0.5524553571428571 0.15625 0.09598214285714286
1 0.6696428571428571 0.5479910714285714 0.026785714285714284 0.05133928571428571
0 0.35756249999999995 0.6527767857142858 0.38476785714285716 0.11805357142857142
0 0.45019642857142855 0.6280379464285714 0.27539285714285716 0.06857589285714286
0 0.5046495535714286 0.6083839285714285 0.20572767857142857 0.03819642857142857
0 0.24316517857142858 0.7310267857142857 0.42383035714285716 0.140625
1 0.5424107142857143 0.5524553571428571 0.15625 0.09598214285714286
1 0.6696428571428571 0.5479910714285714 0.026785714285714284 0.05133928571428571
0 0.35756249999999995 0.6527767857142858 0.38476785714285716 0.11805357142857142
0 0.45019642857142855 0.6280379464285714 0.27539285714285716 0.06857589285714286
0 0.5046495535714286 0.6083839285714285 0.20572767857142857 0.03819642857142857
0 0.24316517857142858 0.7310267857142857 0.42383035714285716 0.140625
1 0.5424107142857143 0.5524553571428571 0.15625 0.09598214285714286
1 0.6696428571428571 0.5479910714285714 0.026785714285714284 0.05133928571428571
0 0.35756249999999995 0.6527767857142858 0.38476785714285716 0.11805357142857142
0 0.45019642857142855 0.6280379464285714 0.27539285714285716 0.06857589285714286
0 0.5046495535714286 0.6083839285714285 0.20572767857142857 0.03819642857142857
0 0.24316517857142858 0.7310267857142857 0.42383035714285716 0.140625
1 0.5424107142857143 0.5524553571428571 0.15625 0.09598214285714286
1 0.6696428571428571 0.5479910714285714 0.026785714285714284 0.05133928571428571
0 0.35756249999999995 0.6527767857142858 0.38476785714285716 0.11805357142857142
0 0.45019642857142855 0.6280379464285714 0.27539285714285716 0.06857589285714286
0 0.5046495535714286 0.6083839285714285 0.20572767857142857 0.03819642857142857
0 0.24316517857142858 0.7310267857142857 0.42383035714285716 0.140625
