0 0.6917544642857143 0.5665044642857143 0.37458035714285715 0.1419375
0 0.5836473214285715 0.5268058035714286 0.3905089285714286 0.08932589285714286
0 0.28791294642857146 0.48629241071428575 0.2186830357142857 0.03508482142857143
0 0.30358035714285714 0.493671875 0.18751785714285713 0.04091517857142857
0 0.33119642857142856 0.5093839285714286 0.16239285714285714 0.036625000000000005
1 0.4711183035714286 0.4690803571428571 0.33509375 0.1524464285714286
0 0.2576808035714286 0.48381919642857146 0.2117901785714286 0.03013839285714286
1 0.21067857142857144 0.45729910714285715 0.1802857142857143 0.06638392857142857
1 0.11849776785714286 0.46203125 0.10306696428571428 0.0490625
1 0.07428794642857142 0.45821651785714285 0.06821875000000001 0.041433035714285714
1 0.7615513392857143 0.4183950892857143 0.21060267857142856 0.14036160714285714
1 0.8746830357142857 0.4946584821428571 0.24936607142857142 0.31967410714285716
0 0.6917544642857143 0.5665044642857143 0.37458035714285715 0.1419375
0 0.5836473214285715 0.5268058035714286 0.3905089285714286 0.08932589285714286
0 0.28791294642857146 0.48629241071428575 0.2186830357142857 0.03508482142857143
0 0.30358035714285714 0.493671875 0.18751785714285713 0.04091517857142857
0 0.33119642857142856 0.5093839285714286 0.16239285714285714 0.036625000000000005
1 0.4711183035714286 0.4690803571428571 0.33509375 0.1524464285714286
0 0.2576808035714286 0.48381919642857146 0.2117901785714286 0.03013839285714286
1 0.21067857142857144 0.45729910714285715 0.1802857142857143 0.06638392857142857
1 0.11849776785714286 0.46203125 0.10306696428571428 0.0490625
1 0.07428794642857142 0.45821651785714285 0.06821875000000001 0.041433035714285714
1 0.7615513392857143 0.4183950892857143 0.21060267857142856 0.14036160714285714
1 0.8746830357142857 0.4946584821428571 0.24936607142857142 0.31967410714285716
0 0.6917544642857143 0.5665044642857143 0.37458035714285715 0.1419375
0 0.5836473214285715 0.5268058035714286 0.3905089285714286 0.08932589285714286
0 0.28791294642857146 0.48629241071428575 0.2186830357142857 0.03508482142857143
0 0.30358035714285714 0.493671875 0.18751785714285713 0.04091517857142857
0 0.33119642857142856 0.5093839285714286 0.16239285714285714 0.036625000000000005
1 0.4711183035714286 0.4690803571428571 0.33509375 0.1524464285714286
0 0.2576808035714286 0.48381919642857146 0.2117901785714286 0.03013839285714286
1 0.21067857142857144 0.45729910714285715 0.1802857142857143 0.06638392857142857
1 0.11849776785714286 0.46203125 0.10306696428571428 0.0490625
1 0.07428794642857142 0.45821651785714285 0.06821875000000001 0.041433035714285714
1 0.7615513392857143 0.4183950892857143 0.21060267857142856 0.14036160714285714
1 0.8746830357142857 0.4946584821428571 0.24936607142857142 0.31967410714285716
0 0.6917544642857143 0.5665044642857143 0.37458035714285715 0.1419375
0 0.5836473214285715 0.5268058035714286 0.3905089285714286 0.08932589285714286
0 0.28791294642857146 0.48629241071428575 0.2186830357142857 0.03508482142857143
0 0.30358035714285714 0.493671875 0.18751785714285713 0.04091517857142857
0 0.33119642857142856 0.5093839285714286 0.16239285714285714 0.036625000000000005
1 0.4711183035714286 0.4690803571428571 0.33509375 0.1524464285714286
0 0.2576808035714286 0.48381919642857146 0.2117901785714286 0.03013839285714286
1 0.21067857142857144 0.45729910714285715 0.1802857142857143 0.06638392857142857
1 0.11849776785714286 0.46203125 0.10306696428571428 0.0490625
1 0.07428794642857142 0.45821651785714285 0.06821875000000001 0.041433035714285714
1 0.7615513392857143 0.4183950892857143 0.21060267857142856 0.14036160714285714
1 0.8746830357142857 0.4946584821428571 0.24936607142857142 0.31967410714285716
0 0.6917544642857143 0.5665044642857143 0.37458035714285715 0.1419375
0 0.5836473214285715 0.5268058035714286 0.3905089285714286 0.08932589285714286
0 0.28791294642857146 0.48629241071428575 0.2186830357142857 0.03508482142857143
0 0.30358035714285714 0.493671875 0.18751785714285713 0.04091517857142857
0 0.33119642857142856 0.5093839285714286 0.16239285714285714 0.036625000000000005
1 0.4711183035714286 0.4690803571428571 0.33509375 0.1524464285714286
0 0.2576808035714286 0.48381919642857146 0.2117901785714286 0.03013839285714286
1 0.21067857142857144 0.45729910714285715 0.1802857142857143 0.06638392857142857
1 0.11849776785714286 0.46203125 0.10306696428571428 0.0490625
1 0.07428794642857142 0.45821651785714285 0.06821875000000001 0.041433035714285714
1 0.7615513392857143 0.4183950892857143 0.21060267857142856 0.14036160714285714
1 0.8746830357142857 0.4946584821428571 0.24936607142857142 0.31967410714285716
