1 0.8792276785714286 0.8129531249999999 0.2138125 0.17054910714285715
1 0.5654955357142857 0.7658571428571428 0.22027678571428572 0.17457142857142857
1 0.42216517857142855 0.7746540178571429 0.14790178571428572 0.12073660714285715
1 0.3513459821428571 0.7675870535714286 0.19376339285714286 0.12445982142857144
1 0.2092767857142857 0.7603258928571428 0.19533928571428572 0.10100892857142858
1 0.14513616071428573 0.7549397321428571 0.17420089285714285 0.09916517857142858
1 0.08396205357142858 0.758171875 0.16792410714285716 0.09670089285714287
1 0.8127633928571428 0.6835580357142856 0.054098214285714284 0.036758928571428574
1 0.8570066964285715 0.6842790178571428 0.05329910714285714 0.03820089285714286
1 0.7659665178571429 0.6868883928571429 0.040861607142857144 0.034491071428571426
1 0.729703125 0.6810647321428572 0.04869196428571428 0.04070089285714286
1 0.9155022321428571 0.6741763392857143 0.04529017857142857 0.03585267857142858
0 0.7577388392857143 0.7266919642857143 0.07797767857142857 0.01588392857142857
0 0.7034330357142856 0.7260111607142857 0.07650892857142857 0.01452232142857143
0 0.692046875 0.8311741071428571 0.20552232142857144 0.0730625
0 0.7441450892857143 0.779122767857143 0.12221875 0.04038839285714286
0 0.6961071428571428 0.7667232142857143 0.07971428571428572 0.051303571428571434
0 0.7811160714285714 0.7152700892857142 0.07116071428571429 0.010897321428571428
0 0.7278482142857143 0.7159508928571429 0.07176785714285715 0.012258928571428572
0 0.9113504464285714 0.7242098214285715 0.06377232142857144 0.019848214285714285
0 0.9085558035714286 0.7103504464285715 0.06711160714285715 0.009986607142857143
1 0.8792276785714286 0.8129531249999999 0.2138125 0.17054910714285715
1 0.5654955357142857 0.7658571428571428 0.22027678571428572 0.17457142857142857
1 0.42216517857142855 0.7746540178571429 0.14790178571428572 0.12073660714285715
1 0.3513459821428571 0.7675870535714286 0.19376339285714286 0.12445982142857144
1 0.2092767857142857 0.7603258928571428 0.19533928571428572 0.10100892857142858
1 0.14513616071428573 0.7549397321428571 0.17420089285714285 0.09916517857142858
1 0.08396205357142858 0.758171875 0.16792410714285716 0.09670089285714287
1 0.8127633928571428 0.6835580357142856 0.054098214285714284 0.036758928571428574
1 0.8570066964285715 0.6842790178571428 0.05329910714285714 0.03820089285714286
1 0.7659665178571429 0.6868883928571429 0.040861607142857144 0.034491071428571426
1 0.729703125 0.6810647321428572 0.04869196428571428 0.04070089285714286
1 0.9155022321428571 0.6741763392857143 0.04529017857142857 0.03585267857142858
0 0.7577388392857143 0.7266919642857143 0.07797767857142857 0.01588392857142857
0 0.7034330357142856 0.7260111607142857 0.07650892857142857 0.01452232142857143
0 0.692046875 0.8311741071428571 0.20552232142857144 0.0730625
0 0.7441450892857143 0.779122767857143 0.12221875 0.04038839285714286
0 0.6961071428571428 0.7667232142857143 0.07971428571428572 0.051303571428571434
0 0.7811160714285714 0.7152700892857142 0.07116071428571429 0.010897321428571428
0 0.7278482142857143 0.7159508928571429 0.07176785714285715 0.012258928571428572
0 0.9113504464285714 0.7242098214285715 0.06377232142857144 0.019848214285714285
0 0.9085558035714286 0.7103504464285715 0.06711160714285715 0.009986607142857143
1 0.8792276785714286 0.8129531249999999 0.2138125 0.17054910714285715
1 0.5654955357142857 0.7658571428571428 0.22027678571428572 0.17457142857142857
1 0.42216517857142855 0.7746540178571429 0.14790178571428572 0.12073660714285715
1 0.3513459821428571 0.7675870535714286 0.19376339285714286 0.12445982142857144
1 0.2092767857142857 0.7603258928571428 0.19533928571428572 0.10100892857142858
1 0.14513616071428573 0.7549397321428571 0.17420089285714285 0.09916517857142858
1 0.08396205357142858 0.758171875 0.16792410714285716 0.09670089285714287
1 0.8127633928571428 0.6835580357142856 0.054098214285714284 0.036758928571428574
1 0.8570066964285715 0.6842790178571428 0.05329910714285714 0.03820089285714286
1 0.7659665178571429 0.6868883928571429 0.040861607142857144 0.034491071428571426
1 0.729703125 0.6810647321428572 0.04869196428571428 0.04070089285714286
1 0.9155022321428571 0.6741763392857143 0.04529017857142857 0.03585267857142858
0 0.7577388392857143 0.7266919642857143 0.07797767857142857 0.01588392857142857
0 0.7034330357142856 0.7260111607142857 0.07650892857142857 0.01452232142857143
0 0.692046875 0.8311741071428571 0.20552232142857144 0.0730625
0 0.7441450892857143 0.779122767857143 0.12221875 0.04038839285714286
0 0.6961071428571428 0.7667232142857143 0.07971428571428572 0.051303571428571434
0 0.7811160714285714 0.7152700892857142 0.07116071428571429 0.010897321428571428
0 0.7278482142857143 0.7159508928571429 0.07176785714285715 0.012258928571428572
0 0.9113504464285714 0.7242098214285715 0.06377232142857144 0.019848214285714285
0 0.9085558035714286 0.7103504464285715 0.06711160714285715 0.009986607142857143
1 0.8792276785714286 0.8129531249999999 0.2138125 0.17054910714285715
1 0.5654955357142857 0.7658571428571428 0.22027678571428572 0.17457142857142857
1 0.42216517857142855 0.7746540178571429 0.14790178571428572 0.12073660714285715
1 0.3513459821428571 0.7675870535714286 0.19376339285714286 0.12445982142857144
1 0.2092767857142857 0.7603258928571428 0.19533928571428572 0.10100892857142858
1 0.14513616071428573 0.7549397321428571 0.17420089285714285 0.09916517857142858
1 0.08396205357142858 0.758171875 0.16792410714285716 0.09670089285714287
1 0.8127633928571428 0.6835580357142856 0.054098214285714284 0.036758928571428574
1 0.8570066964285715 0.6842790178571428 0.05329910714285714 0.03820089285714286
1 0.7659665178571429 0.6868883928571429 0.040861607142857144 0.034491071428571426
1 0.729703125 0.6810647321428572 0.04869196428571428 0.04070089285714286
1 0.9155022321428571 0.6741763392857143 0.04529017857142857 0.03585267857142858
0 0.7577388392857143 0.7266919642857143 0.07797767857142857 0.01588392857142857
0 0.7034330357142856 0.7260111607142857 0.07650892857142857 0.01452232142857143
0 0.692046875 0.8311741071428571 0.20552232142857144 0.0730625
0 0.7441450892857143 0.779122767857143 0.12221875 0.04038839285714286
0 0.6961071428571428 0.7667232142857143 0.07971428571428572 0.051303571428571434
0 0.7811160714285714 0.7152700892857142 0.07116071428571429 0.010897321428571428
0 0.7278482142857143 0.7159508928571429 0.07176785714285715 0.012258928571428572
0 0.9113504464285714 0.7242098214285715 0.06377232142857144 0.019848214285714285
0 0.9085558035714286 0.7103504464285715 0.06711160714285715 0.009986607142857143
1 0.8792276785714286 0.8129531249999999 0.2138125 0.17054910714285715
1 0.5654955357142857 0.7658571428571428 0.22027678571428572 0.17457142857142857
1 0.42216517857142855 0.7746540178571429 0.14790178571428572 0.12073660714285715
1 0.3513459821428571 0.7675870535714286 0.19376339285714286 0.12445982142857144
1 0.2092767857142857 0.7603258928571428 0.19533928571428572 0.10100892857142858
1 0.14513616071428573 0.7549397321428571 0.17420089285714285 0.09916517857142858
1 0.08396205357142858 0.758171875 0.16792410714285716 0.09670089285714287
1 0.8127633928571428 0.6835580357142856 0.054098214285714284 0.036758928571428574
1 0.8570066964285715 0.6842790178571428 0.05329910714285714 0.03820089285714286
1 0.7659665178571429 0.6868883928571429 0.040861607142857144 0.034491071428571426
1 0.729703125 0.6810647321428572 0.04869196428571428 0.04070089285714286
1 0.9155022321428571 0.6741763392857143 0.04529017857142857 0.03585267857142858
0 0.7577388392857143 0.7266919642857143 0.07797767857142857 0.01588392857142857
0 0.7034330357142856 0.7260111607142857 0.07650892857142857 0.01452232142857143
0 0.692046875 0.8311741071428571 0.20552232142857144 0.0730625
0 0.7441450892857143 0.779122767857143 0.12221875 0.04038839285714286
0 0.6961071428571428 0.7667232142857143 0.07971428571428572 0.051303571428571434
0 0.7811160714285714 0.7152700892857142 0.07116071428571429 0.010897321428571428
0 0.7278482142857143 0.7159508928571429 0.07176785714285715 0.012258928571428572
0 0.9113504464285714 0.7242098214285715 0.06377232142857144 0.019848214285714285
0 0.9085558035714286 0.7103504464285715 0.06711160714285715 0.009986607142857143
