3 0.3110111607142857 0.5913772321428572 0.38095089285714284 0.26311160714285714
1 0.5693125 0.702950892857143 0.46005357142857145 0.2809017857142857
1 0.6895156250000001 0.7466205357142857 0.3076026785714286 0.3146696428571429
0 0.36832589285714284 0.7059375 0.3170089285714286 0.15294642857142857
3 0.3110111607142857 0.5913772321428572 0.38095089285714284 0.26311160714285714
1 0.5693125 0.702950892857143 0.46005357142857145 0.2809017857142857
1 0.6895156250000001 0.7466205357142857 0.3076026785714286 0.3146696428571429
0 0.36832589285714284 0.7059375 0.3170089285714286 0.15294642857142857
3 0.3110111607142857 0.5913772321428572 0.38095089285714284 0.26311160714285714
1 0.5693125 0.702950892857143 0.46005357142857145 0.2809017857142857
1 0.6895156250000001 0.7466205357142857 0.3076026785714286 0.3146696428571429
0 0.36832589285714284 0.7059375 0.3170089285714286 0.15294642857142857
3 0.3110111607142857 0.5913772321428572 0.38095089285714284 0.26311160714285714
1 0.5693125 0.702950892857143 0.46005357142857145 0.2809017857142857
1 0.6895156250000001 0.7466205357142857 0.3076026785714286 0.3146696428571429
0 0.36832589285714284 0.7059375 0.3170089285714286 0.15294642857142857
3 0.3110111607142857 0.5913772321428572 0.38095089285714284 0.26311160714285714
1 0.5693125 0.702950892857143 0.46005357142857145 0.2809017857142857
1 0.6895156250000001 0.7466205357142857 0.3076026785714286 0.3146696428571429
0 0.36832589285714284 0.7059375 0.3170089285714286 0.15294642857142857
