1 0.8292410714285714 0.5245535714285714 0.2924107142857143 0.3169642857142857
1 0.22321428571428573 0.4966517857142857 0.1875 0.2611607142857143
1 0.47767857142857145 0.5401785714285714 0.21428571428571427 0.26785714285714285
1 0.09033705357142856 0.4986875 0.16281696428571427 0.2205892857142857
1 0.8292410714285714 0.5245535714285714 0.2924107142857143 0.3169642857142857
1 0.22321428571428573 0.4966517857142857 0.1875 0.2611607142857143
1 0.47767857142857145 0.5401785714285714 0.21428571428571427 0.26785714285714285
1 0.09033705357142856 0.4986875 0.16281696428571427 0.2205892857142857
1 0.8292410714285714 0.5245535714285714 0.2924107142857143 0.3169642857142857
1 0.22321428571428573 0.4966517857142857 0.1875 0.2611607142857143
1 0.47767857142857145 0.5401785714285714 0.21428571428571427 0.26785714285714285
1 0.09033705357142856 0.4986875 0.16281696428571427 0.2205892857142857
1 0.8292410714285714 0.5245535714285714 0.2924107142857143 0.3169642857142857
1 0.22321428571428573 0.4966517857142857 0.1875 0.2611607142857143
1 0.47767857142857145 0.5401785714285714 0.21428571428571427 0.26785714285714285
1 0.09033705357142856 0.4986875 0.16281696428571427 0.2205892857142857
1 0.8292410714285714 0.5245535714285714 0.2924107142857143 0.3169642857142857
1 0.22321428571428573 0.4966517857142857 0.1875 0.2611607142857143
1 0.47767857142857145 0.5401785714285714 0.21428571428571427 0.26785714285714285
1 0.09033705357142856 0.4986875 0.16281696428571427 0.2205892857142857
