1 0.15290178571428573 0.49888392857142855 0.2700892857142857 0.2924107142857143
1 0.43973214285714285 0.4921875 0.23660714285714285 0.2611607142857143
1 0.6741071428571429 0.4799107142857143 0.20535714285714285 0.23660714285714285
1 0.8805803571428571 0.46763392857142855 0.171875 0.203125
1 0.15290178571428573 0.49888392857142855 0.2700892857142857 0.2924107142857143
1 0.43973214285714285 0.4921875 0.23660714285714285 0.2611607142857143
1 0.6741071428571429 0.4799107142857143 0.20535714285714285 0.23660714285714285
1 0.8805803571428571 0.46763392857142855 0.171875 0.203125
1 0.15290178571428573 0.49888392857142855 0.2700892857142857 0.2924107142857143
1 0.43973214285714285 0.4921875 0.23660714285714285 0.2611607142857143
1 0.6741071428571429 0.4799107142857143 0.20535714285714285 0.23660714285714285
1 0.8805803571428571 0.46763392857142855 0.171875 0.203125
1 0.15290178571428573 0.49888392857142855 0.2700892857142857 0.2924107142857143
1 0.43973214285714285 0.4921875 0.23660714285714285 0.2611607142857143
1 0.6741071428571429 0.4799107142857143 0.20535714285714285 0.23660714285714285
1 0.8805803571428571 0.46763392857142855 0.171875 0.203125
1 0.15290178571428573 0.49888392857142855 0.2700892857142857 0.2924107142857143
1 0.43973214285714285 0.4921875 0.23660714285714285 0.2611607142857143
1 0.6741071428571429 0.4799107142857143 0.20535714285714285 0.23660714285714285
1 0.8805803571428571 0.46763392857142855 0.171875 0.203125
