1 0.5722946428571428 0.6865379464285715 0.22494642857142857 0.24807589285714288
1 0.7519375 0.6889910714285714 0.2181607142857143 0.24405357142857143
1 0.39061160714285714 0.7014129464285714 0.23658035714285713 0.2778258928571428
1 0.14925892857142856 0.7012366071428572 0.2181607142857143 0.2506875
1 0.5722946428571428 0.6865379464285715 0.22494642857142857 0.24807589285714288
1 0.7519375 0.6889910714285714 0.2181607142857143 0.24405357142857143
1 0.39061160714285714 0.7014129464285714 0.23658035714285713 0.2778258928571428
1 0.14925892857142856 0.7012366071428572 0.2181607142857143 0.2506875
1 0.5722946428571428 0.6865379464285715 0.22494642857142857 0.24807589285714288
1 0.7519375 0.6889910714285714 0.2181607142857143 0.24405357142857143
1 0.39061160714285714 0.7014129464285714 0.23658035714285713 0.2778258928571428
1 0.14925892857142856 0.7012366071428572 0.2181607142857143 0.2506875
1 0.5722946428571428 0.6865379464285715 0.22494642857142857 0.24807589285714288
1 0.7519375 0.6889910714285714 0.2181607142857143 0.24405357142857143
1 0.39061160714285714 0.7014129464285714 0.23658035714285713 0.2778258928571428
1 0.14925892857142856 0.7012366071428572 0.2181607142857143 0.2506875
1 0.5722946428571428 0.6865379464285715 0.22494642857142857 0.24807589285714288
1 0.7519375 0.6889910714285714 0.2181607142857143 0.24405357142857143
1 0.39061160714285714 0.7014129464285714 0.23658035714285713 0.2778258928571428
1 0.14925892857142856 0.7012366071428572 0.2181607142857143 0.2506875
