0 0.7239620535714285 0.6819464285714286 0.3139955357142857 0.12282142857142857
1 0.5071339285714286 0.6118035714285714 0.33569642857142856 0.21467857142857144
1 0.3051116071428571 0.6004508928571429 0.32450892857142855 0.1919732142857143
1 0.14988839285714287 0.584140625 0.29977678571428573 0.1950669642857143
0 0.7239620535714285 0.6819464285714286 0.3139955357142857 0.12282142857142857
1 0.5071339285714286 0.6118035714285714 0.33569642857142856 0.21467857142857144
1 0.3051116071428571 0.6004508928571429 0.32450892857142855 0.1919732142857143
1 0.14988839285714287 0.584140625 0.29977678571428573 0.1950669642857143
0 0.7239620535714285 0.6819464285714286 0.3139955357142857 0.12282142857142857
1 0.5071339285714286 0.6118035714285714 0.33569642857142856 0.21467857142857144
1 0.3051116071428571 0.6004508928571429 0.32450892857142855 0.1919732142857143
1 0.14988839285714287 0.584140625 0.29977678571428573 0.1950669642857143
0 0.7239620535714285 0.6819464285714286 0.3139955357142857 0.12282142857142857
1 0.5071339285714286 0.6118035714285714 0.33569642857142856 0.21467857142857144
1 0.3051116071428571 0.6004508928571429 0.32450892857142855 0.1919732142857143
1 0.14988839285714287 0.584140625 0.29977678571428573 0.1950669642857143
0 0.7239620535714285 0.6819464285714286 0.3139955357142857 0.12282142857142857
1 0.5071339285714286 0.6118035714285714 0.33569642857142856 0.21467857142857144
1 0.3051116071428571 0.6004508928571429 0.32450892857142855 0.1919732142857143
1 0.14988839285714287 0.584140625 0.29977678571428573 0.1950669642857143
