1 0.18825223214285716 0.4551004464285714 0.22471875000000002 0.14234375000000002
1 0.31645312500000006 0.4514464285714285 0.30254910714285715 0.1796785714285714
0 0.4404933035714286 0.5266584821428572 0.2649151785714286 0.07117410714285714
1 0.6540491071428571 0.48056696428571427 0.23666964285714287 0.18434821428571427
1 0.8773973214285714 0.4709017857142857 0.24586607142857142 0.22751785714285713
1 0.18825223214285716 0.4551004464285714 0.22471875000000002 0.14234375000000002
1 0.31645312500000006 0.4514464285714285 0.30254910714285715 0.1796785714285714
0 0.4404933035714286 0.5266584821428572 0.2649151785714286 0.07117410714285714
1 0.6540491071428571 0.48056696428571427 0.23666964285714287 0.18434821428571427
1 0.8773973214285714 0.4709017857142857 0.24586607142857142 0.22751785714285713
1 0.18825223214285716 0.4551004464285714 0.22471875000000002 0.14234375000000002
1 0.31645312500000006 0.4514464285714285 0.30254910714285715 0.1796785714285714
0 0.4404933035714286 0.5266584821428572 0.2649151785714286 0.07117410714285714
1 0.6540491071428571 0.48056696428571427 0.23666964285714287 0.18434821428571427
1 0.8773973214285714 0.4709017857142857 0.24586607142857142 0.22751785714285713
1 0.18825223214285716 0.4551004464285714 0.22471875000000002 0.14234375000000002
1 0.31645312500000006 0.4514464285714285 0.30254910714285715 0.1796785714285714
0 0.4404933035714286 0.5266584821428572 0.2649151785714286 0.07117410714285714
1 0.6540491071428571 0.48056696428571427 0.23666964285714287 0.18434821428571427
1 0.8773973214285714 0.4709017857142857 0.24586607142857142 0.22751785714285713
1 0.18825223214285716 0.4551004464285714 0.22471875000000002 0.14234375000000002
1 0.31645312500000006 0.4514464285714285 0.30254910714285715 0.1796785714285714
0 0.4404933035714286 0.5266584821428572 0.2649151785714286 0.07117410714285714
1 0.6540491071428571 0.48056696428571427 0.23666964285714287 0.18434821428571427
1 0.8773973214285714 0.4709017857142857 0.24586607142857142 0.22751785714285713
