0 0.8505133928571428 0.6902321428571428 0.1653125 0.10367857142857143
1 0.7158348214285715 0.6575200892857144 0.14595535714285715 0.17218303571428573
1 0.5739754464285715 0.6422901785714286 0.14795089285714286 0.18636607142857145
1 0.4522008928571429 0.6427031249999999 0.17225892857142858 0.17826339285714285
1 0.3284888392857143 0.6548772321428571 0.15697767857142855 0.14904017857142857
1 0.08741294642857143 0.6507410714285714 0.17482589285714287 0.1675535714285714
0 0.8505133928571428 0.6902321428571428 0.1653125 0.10367857142857143
1 0.7158348214285715 0.6575200892857144 0.14595535714285715 0.17218303571428573
1 0.5739754464285715 0.6422901785714286 0.14795089285714286 0.18636607142857145
1 0.4522008928571429 0.6427031249999999 0.17225892857142858 0.17826339285714285
1 0.3284888392857143 0.6548772321428571 0.15697767857142855 0.14904017857142857
1 0.08741294642857143 0.6507410714285714 0.17482589285714287 0.1675535714285714
0 0.8505133928571428 0.6902321428571428 0.1653125 0.10367857142857143
1 0.7158348214285715 0.6575200892857144 0.14595535714285715 0.17218303571428573
1 0.5739754464285715 0.6422901785714286 0.14795089285714286 0.18636607142857145
1 0.4522008928571429 0.6427031249999999 0.17225892857142858 0.17826339285714285
1 0.3284888392857143 0.6548772321428571 0.15697767857142855 0.14904017857142857
1 0.08741294642857143 0.6507410714285714 0.17482589285714287 0.1675535714285714
0 0.8505133928571428 0.6902321428571428 0.1653125 0.10367857142857143
1 0.7158348214285715 0.6575200892857144 0.14595535714285715 0.17218303571428573
1 0.5739754464285715 0.6422901785714286 0.14795089285714286 0.18636607142857145
1 0.4522008928571429 0.6427031249999999 0.17225892857142858 0.17826339285714285
1 0.3284888392857143 0.6548772321428571 0.15697767857142855 0.14904017857142857
1 0.08741294642857143 0.6507410714285714 0.17482589285714287 0.1675535714285714
0 0.8505133928571428 0.6902321428571428 0.1653125 0.10367857142857143
1 0.7158348214285715 0.6575200892857144 0.14595535714285715 0.17218303571428573
1 0.5739754464285715 0.6422901785714286 0.14795089285714286 0.18636607142857145
1 0.4522008928571429 0.6427031249999999 0.17225892857142858 0.17826339285714285
1 0.3284888392857143 0.6548772321428571 0.15697767857142855 0.14904017857142857
1 0.08741294642857143 0.6507410714285714 0.17482589285714287 0.1675535714285714
