1 0.13373214285714285 0.5878080357142857 0.22282142857142856 0.15775892857142856
2 0.25857142857142856 0.6151964285714285 0.16892857142857146 0.09646428571428571
2 0.36678794642857143 0.6107767857142857 0.10857589285714286 0.11441071428571428
1 0.4741361607142857 0.5882700892857143 0.10005803571428572 0.14082589285714286
1 0.5831428571428571 0.5723906249999999 0.18414285714285714 0.16263839285714285
1 0.7029375 0.5703950892857143 0.1648035714285714 0.13186160714285713
1 0.13373214285714285 0.5878080357142857 0.22282142857142856 0.15775892857142856
2 0.25857142857142856 0.6151964285714285 0.16892857142857146 0.09646428571428571
2 0.36678794642857143 0.6107767857142857 0.10857589285714286 0.11441071428571428
1 0.4741361607142857 0.5882700892857143 0.10005803571428572 0.14082589285714286
1 0.5831428571428571 0.5723906249999999 0.18414285714285714 0.16263839285714285
1 0.7029375 0.5703950892857143 0.1648035714285714 0.13186160714285713
1 0.13373214285714285 0.5878080357142857 0.22282142857142856 0.15775892857142856
2 0.25857142857142856 0.6151964285714285 0.16892857142857146 0.09646428571428571
2 0.36678794642857143 0.6107767857142857 0.10857589285714286 0.11441071428571428
1 0.4741361607142857 0.5882700892857143 0.10005803571428572 0.14082589285714286
1 0.5831428571428571 0.5723906249999999 0.18414285714285714 0.16263839285714285
1 0.7029375 0.5703950892857143 0.1648035714285714 0.13186160714285713
1 0.13373214285714285 0.5878080357142857 0.22282142857142856 0.15775892857142856
2 0.25857142857142856 0.6151964285714285 0.16892857142857146 0.09646428571428571
2 0.36678794642857143 0.6107767857142857 0.10857589285714286 0.11441071428571428
1 0.4741361607142857 0.5882700892857143 0.10005803571428572 0.14082589285714286
1 0.5831428571428571 0.5723906249999999 0.18414285714285714 0.16263839285714285
1 0.7029375 0.5703950892857143 0.1648035714285714 0.13186160714285713
1 0.13373214285714285 0.5878080357142857 0.22282142857142856 0.15775892857142856
2 0.25857142857142856 0.6151964285714285 0.16892857142857146 0.09646428571428571
2 0.36678794642857143 0.6107767857142857 0.10857589285714286 0.11441071428571428
1 0.4741361607142857 0.5882700892857143 0.10005803571428572 0.14082589285714286
1 0.5831428571428571 0.5723906249999999 0.18414285714285714 0.16263839285714285
1 0.7029375 0.5703950892857143 0.1648035714285714 0.13186160714285713
