1 0.9308035714285714 0.5368303571428571 0.10267857142857142 0.13616071428571427
1 0.7712053571428571 0.5223214285714286 0.10491071428571429 0.125
1 0.6439732142857143 0.5234375 0.109375 0.11830357142857142
1 0.5145089285714286 0.5223214285714286 0.109375 0.11607142857142858
0 0.4020959821428572 0.5537366071428572 0.13454910714285714 0.06283035714285715
1 0.29575892857142855 0.5200892857142857 0.09151785714285714 0.07589285714285714
1 0.20870535714285715 0.5178571428571429 0.08705357142857142 0.11607142857142858
1 0.11160714285714286 0.5 0.08928571428571429 0.08928571428571429
1 0.030133928571428572 0.4966517857142857 0.05133928571428571 0.08258928571428571
1 0.9308035714285714 0.5368303571428571 0.10267857142857142 0.13616071428571427
1 0.7712053571428571 0.5223214285714286 0.10491071428571429 0.125
1 0.6439732142857143 0.5234375 0.109375 0.11830357142857142
1 0.5145089285714286 0.5223214285714286 0.109375 0.11607142857142858
0 0.4020959821428572 0.5537366071428572 0.13454910714285714 0.06283035714285715
1 0.29575892857142855 0.5200892857142857 0.09151785714285714 0.07589285714285714
1 0.20870535714285715 0.5178571428571429 0.08705357142857142 0.11607142857142858
1 0.11160714285714286 0.5 0.08928571428571429 0.08928571428571429
1 0.030133928571428572 0.4966517857142857 0.05133928571428571 0.08258928571428571
1 0.9308035714285714 0.5368303571428571 0.10267857142857142 0.13616071428571427
1 0.7712053571428571 0.5223214285714286 0.10491071428571429 0.125
1 0.6439732142857143 0.5234375 0.109375 0.11830357142857142
1 0.5145089285714286 0.5223214285714286 0.109375 0.11607142857142858
0 0.4020959821428572 0.5537366071428572 0.13454910714285714 0.06283035714285715
1 0.29575892857142855 0.5200892857142857 0.09151785714285714 0.07589285714285714
1 0.20870535714285715 0.5178571428571429 0.08705357142857142 0.11607142857142858
1 0.11160714285714286 0.5 0.08928571428571429 0.08928571428571429
1 0.030133928571428572 0.4966517857142857 0.05133928571428571 0.08258928571428571
1 0.9308035714285714 0.5368303571428571 0.10267857142857142 0.13616071428571427
1 0.7712053571428571 0.5223214285714286 0.10491071428571429 0.125
1 0.6439732142857143 0.5234375 0.109375 0.11830357142857142
1 0.5145089285714286 0.5223214285714286 0.109375 0.11607142857142858
0 0.4020959821428572 0.5537366071428572 0.13454910714285714 0.06283035714285715
1 0.29575892857142855 0.5200892857142857 0.09151785714285714 0.07589285714285714
1 0.20870535714285715 0.5178571428571429 0.08705357142857142 0.11607142857142858
1 0.11160714285714286 0.5 0.08928571428571429 0.08928571428571429
1 0.030133928571428572 0.4966517857142857 0.05133928571428571 0.08258928571428571
1 0.9308035714285714 0.5368303571428571 0.10267857142857142 0.13616071428571427
1 0.7712053571428571 0.5223214285714286 0.10491071428571429 0.125
1 0.6439732142857143 0.5234375 0.109375 0.11830357142857142
1 0.5145089285714286 0.5223214285714286 0.109375 0.11607142857142858
0 0.4020959821428572 0.5537366071428572 0.13454910714285714 0.06283035714285715
1 0.29575892857142855 0.5200892857142857 0.09151785714285714 0.07589285714285714
1 0.20870535714285715 0.5178571428571429 0.08705357142857142 0.11607142857142858
1 0.11160714285714286 0.5 0.08928571428571429 0.08928571428571429
1 0.030133928571428572 0.4966517857142857 0.05133928571428571 0.08258928571428571
