1 0.3314732142857143 0.40401785714285715 0.11830357142857142 0.12946428571428573
1 0.4564732142857143 0.42857142857142855 0.109375 0.11607142857142858
1 0.5982142857142857 0.42745535714285715 0.15178571428571427 0.16741071428571427
1 0.7784330357142857 0.46828348214285714 0.21758035714285714 0.18656696428571426
1 0.962140625 0.47862276785714286 0.07606696428571429 0.18045982142857145
1 0.3314732142857143 0.40401785714285715 0.11830357142857142 0.12946428571428573
1 0.4564732142857143 0.42857142857142855 0.109375 0.11607142857142858
1 0.5982142857142857 0.42745535714285715 0.15178571428571427 0.16741071428571427
1 0.7784330357142857 0.46828348214285714 0.21758035714285714 0.18656696428571426
1 0.962140625 0.47862276785714286 0.07606696428571429 0.18045982142857145
1 0.3314732142857143 0.40401785714285715 0.11830357142857142 0.12946428571428573
1 0.4564732142857143 0.42857142857142855 0.109375 0.11607142857142858
1 0.5982142857142857 0.42745535714285715 0.15178571428571427 0.16741071428571427
1 0.7784330357142857 0.46828348214285714 0.21758035714285714 0.18656696428571426
1 0.962140625 0.47862276785714286 0.07606696428571429 0.18045982142857145
1 0.3314732142857143 0.40401785714285715 0.11830357142857142 0.12946428571428573
1 0.4564732142857143 0.42857142857142855 0.109375 0.11607142857142858
1 0.5982142857142857 0.42745535714285715 0.15178571428571427 0.16741071428571427
1 0.7784330357142857 0.46828348214285714 0.21758035714285714 0.18656696428571426
1 0.962140625 0.47862276785714286 0.07606696428571429 0.18045982142857145
1 0.3314732142857143 0.40401785714285715 0.11830357142857142 0.12946428571428573
1 0.4564732142857143 0.42857142857142855 0.109375 0.11607142857142858
1 0.5982142857142857 0.42745535714285715 0.15178571428571427 0.16741071428571427
1 0.7784330357142857 0.46828348214285714 0.21758035714285714 0.18656696428571426
1 0.962140625 0.47862276785714286 0.07606696428571429 0.18045982142857145
