1 0.22474553571428574 0.6259129464285714 0.22627678571428572 0.18932589285714285
0 0.3206897321428571 0.6661383928571428 0.17709375 0.1447767857142857
1 0.4444620535714286 0.6394397321428571 0.14785267857142856 0.18066517857142858
1 0.5810446428571429 0.6500178571428571 0.13530357142857144 0.20182142857142857
1 0.7055870535714286 0.6385915178571429 0.17903125 0.19682589285714286
2 0.8407901785714286 0.6600580357142858 0.1994375 0.1504732142857143
1 0.22474553571428574 0.6259129464285714 0.22627678571428572 0.18932589285714285
0 0.3206897321428571 0.6661383928571428 0.17709375 0.1447767857142857
1 0.4444620535714286 0.6394397321428571 0.14785267857142856 0.18066517857142858
1 0.5810446428571429 0.6500178571428571 0.13530357142857144 0.20182142857142857
1 0.7055870535714286 0.6385915178571429 0.17903125 0.19682589285714286
2 0.8407901785714286 0.6600580357142858 0.1994375 0.1504732142857143
1 0.22474553571428574 0.6259129464285714 0.22627678571428572 0.18932589285714285
0 0.3206897321428571 0.6661383928571428 0.17709375 0.1447767857142857
1 0.4444620535714286 0.6394397321428571 0.14785267857142856 0.18066517857142858
1 0.5810446428571429 0.6500178571428571 0.13530357142857144 0.20182142857142857
1 0.7055870535714286 0.6385915178571429 0.17903125 0.19682589285714286
2 0.8407901785714286 0.6600580357142858 0.1994375 0.1504732142857143
1 0.22474553571428574 0.6259129464285714 0.22627678571428572 0.18932589285714285
0 0.3206897321428571 0.6661383928571428 0.17709375 0.1447767857142857
1 0.4444620535714286 0.6394397321428571 0.14785267857142856 0.18066517857142858
1 0.5810446428571429 0.6500178571428571 0.13530357142857144 0.20182142857142857
1 0.7055870535714286 0.6385915178571429 0.17903125 0.19682589285714286
2 0.8407901785714286 0.6600580357142858 0.1994375 0.1504732142857143
1 0.22474553571428574 0.6259129464285714 0.22627678571428572 0.18932589285714285
0 0.3206897321428571 0.6661383928571428 0.17709375 0.1447767857142857
1 0.4444620535714286 0.6394397321428571 0.14785267857142856 0.18066517857142858
1 0.5810446428571429 0.6500178571428571 0.13530357142857144 0.20182142857142857
1 0.7055870535714286 0.6385915178571429 0.17903125 0.19682589285714286
2 0.8407901785714286 0.6600580357142858 0.1994375 0.1504732142857143
