0 0.5468660714285714 0.48255803571428574 0.513375 0.11690178571428571
0 0.4772857142857143 0.4619263392857143 0.4724285714285714 0.10242410714285714
0 0.38978125 0.435625 0.44920535714285714 0.09446428571428571
0 0.32447767857142856 0.4065892857142857 0.4168125 0.08996428571428572
0 0.25029464285714287 0.39177455357142854 0.40237500000000004 0.07819196428571429
1 0.19066071428571427 0.31729910714285714 0.38132142857142853 0.19709821428571428
1 0.12088839285714285 0.21140178571428572 0.2417767857142857 0.11923214285714286
0 0.5468660714285714 0.48255803571428574 0.513375 0.11690178571428571
0 0.4772857142857143 0.4619263392857143 0.4724285714285714 0.10242410714285714
0 0.38978125 0.435625 0.44920535714285714 0.09446428571428571
0 0.32447767857142856 0.4065892857142857 0.4168125 0.08996428571428572
0 0.25029464285714287 0.39177455357142854 0.40237500000000004 0.07819196428571429
1 0.19066071428571427 0.31729910714285714 0.38132142857142853 0.19709821428571428
1 0.12088839285714285 0.21140178571428572 0.2417767857142857 0.11923214285714286
0 0.5468660714285714 0.48255803571428574 0.513375 0.11690178571428571
0 0.4772857142857143 0.4619263392857143 0.4724285714285714 0.10242410714285714
0 0.38978125 0.435625 0.44920535714285714 0.09446428571428571
0 0.32447767857142856 0.4065892857142857 0.4168125 0.08996428571428572
0 0.25029464285714287 0.39177455357142854 0.40237500000000004 0.07819196428571429
1 0.19066071428571427 0.31729910714285714 0.38132142857142853 0.19709821428571428
1 0.12088839285714285 0.21140178571428572 0.2417767857142857 0.11923214285714286
0 0.5468660714285714 0.48255803571428574 0.513375 0.11690178571428571
0 0.4772857142857143 0.4619263392857143 0.4724285714285714 0.10242410714285714
0 0.38978125 0.435625 0.44920535714285714 0.09446428571428571
0 0.32447767857142856 0.4065892857142857 0.4168125 0.08996428571428572
0 0.25029464285714287 0.39177455357142854 0.40237500000000004 0.07819196428571429
1 0.19066071428571427 0.31729910714285714 0.38132142857142853 0.19709821428571428
1 0.12088839285714285 0.21140178571428572 0.2417767857142857 0.11923214285714286
0 0.5468660714285714 0.48255803571428574 0.513375 0.11690178571428571
0 0.4772857142857143 0.4619263392857143 0.4724285714285714 0.10242410714285714
0 0.38978125 0.435625 0.44920535714285714 0.09446428571428571
0 0.32447767857142856 0.4065892857142857 0.4168125 0.08996428571428572
0 0.25029464285714287 0.39177455357142854 0.40237500000000004 0.07819196428571429
1 0.19066071428571427 0.31729910714285714 0.38132142857142853 0.19709821428571428
1 0.12088839285714285 0.21140178571428572 0.2417767857142857 0.11923214285714286
