1 0.8794642857142857 0.7622767857142857 0.23214285714285715 0.4263392857142857
0 0.4875892857142857 0.7336964285714286 0.4394642857142857 0.11917857142857144
1 0.2116495535714286 0.5885290178571428 0.12865625 0.18598660714285714
1 0.12611607142857142 0.5658482142857143 0.05580357142857143 0.060267857142857144
1 0.3938214285714286 0.6120357142857143 0.27871428571428575 0.18835714285714286
1 0.8794642857142857 0.7622767857142857 0.23214285714285715 0.4263392857142857
0 0.4875892857142857 0.7336964285714286 0.4394642857142857 0.11917857142857144
1 0.2116495535714286 0.5885290178571428 0.12865625 0.18598660714285714
1 0.12611607142857142 0.5658482142857143 0.05580357142857143 0.060267857142857144
1 0.3938214285714286 0.6120357142857143 0.27871428571428575 0.18835714285714286
1 0.8794642857142857 0.7622767857142857 0.23214285714285715 0.4263392857142857
0 0.4875892857142857 0.7336964285714286 0.4394642857142857 0.11917857142857144
1 0.2116495535714286 0.5885290178571428 0.12865625 0.18598660714285714
1 0.12611607142857142 0.5658482142857143 0.05580357142857143 0.060267857142857144
1 0.3938214285714286 0.6120357142857143 0.27871428571428575 0.18835714285714286
1 0.8794642857142857 0.7622767857142857 0.23214285714285715 0.4263392857142857
0 0.4875892857142857 0.7336964285714286 0.4394642857142857 0.11917857142857144
1 0.2116495535714286 0.5885290178571428 0.12865625 0.18598660714285714
1 0.12611607142857142 0.5658482142857143 0.05580357142857143 0.060267857142857144
1 0.3938214285714286 0.6120357142857143 0.27871428571428575 0.18835714285714286
1 0.8794642857142857 0.7622767857142857 0.23214285714285715 0.4263392857142857
0 0.4875892857142857 0.7336964285714286 0.4394642857142857 0.11917857142857144
1 0.2116495535714286 0.5885290178571428 0.12865625 0.18598660714285714
1 0.12611607142857142 0.5658482142857143 0.05580357142857143 0.060267857142857144
1 0.3938214285714286 0.6120357142857143 0.27871428571428575 0.18835714285714286
