1 0.4174107142857143 0.4888392857142857 0.11160714285714286 0.12053571428571429
1 0.2935267857142857 0.4732142857142857 0.10491071428571429 0.125
1 0.6696428571428571 0.48325892857142855 0.09821428571428571 0.11830357142857142
1 0.9397321428571429 0.48549107142857145 0.11160714285714286 0.13169642857142858
1 0.18640848214285713 0.4524665178571428 0.12281696428571429 0.13707589285714286
1 0.058743303571428575 0.45056473214285714 0.11748660714285715 0.11541517857142858
0 0.5366227678571428 0.5143995535714285 0.15360267857142856 0.07344196428571428
3 0.12317857142857143 0.5288169642857142 0.09457142857142857 0.1915625
1 0.7888772321428571 0.47888839285714285 0.06882589285714286 0.14527678571428573
1 0.4174107142857143 0.4888392857142857 0.11160714285714286 0.12053571428571429
1 0.2935267857142857 0.4732142857142857 0.10491071428571429 0.125
1 0.6696428571428571 0.48325892857142855 0.09821428571428571 0.11830357142857142
1 0.9397321428571429 0.48549107142857145 0.11160714285714286 0.13169642857142858
1 0.18640848214285713 0.4524665178571428 0.12281696428571429 0.13707589285714286
1 0.058743303571428575 0.45056473214285714 0.11748660714285715 0.11541517857142858
0 0.5366227678571428 0.5143995535714285 0.15360267857142856 0.07344196428571428
3 0.12317857142857143 0.5288169642857142 0.09457142857142857 0.1915625
1 0.7888772321428571 0.47888839285714285 0.06882589285714286 0.14527678571428573
1 0.4174107142857143 0.4888392857142857 0.11160714285714286 0.12053571428571429
1 0.2935267857142857 0.4732142857142857 0.10491071428571429 0.125
1 0.6696428571428571 0.48325892857142855 0.09821428571428571 0.11830357142857142
1 0.9397321428571429 0.48549107142857145 0.11160714285714286 0.13169642857142858
1 0.18640848214285713 0.4524665178571428 0.12281696428571429 0.13707589285714286
1 0.058743303571428575 0.45056473214285714 0.11748660714285715 0.11541517857142858
0 0.5366227678571428 0.5143995535714285 0.15360267857142856 0.07344196428571428
3 0.12317857142857143 0.5288169642857142 0.09457142857142857 0.1915625
1 0.7888772321428571 0.47888839285714285 0.06882589285714286 0.14527678571428573
1 0.4174107142857143 0.4888392857142857 0.11160714285714286 0.12053571428571429
1 0.2935267857142857 0.4732142857142857 0.10491071428571429 0.125
1 0.6696428571428571 0.48325892857142855 0.09821428571428571 0.11830357142857142
1 0.9397321428571429 0.48549107142857145 0.11160714285714286 0.13169642857142858
1 0.18640848214285713 0.4524665178571428 0.12281696428571429 0.13707589285714286
1 0.058743303571428575 0.45056473214285714 0.11748660714285715 0.11541517857142858
0 0.5366227678571428 0.5143995535714285 0.15360267857142856 0.07344196428571428
3 0.12317857142857143 0.5288169642857142 0.09457142857142857 0.1915625
1 0.7888772321428571 0.47888839285714285 0.06882589285714286 0.14527678571428573
1 0.4174107142857143 0.4888392857142857 0.11160714285714286 0.12053571428571429
1 0.2935267857142857 0.4732142857142857 0.10491071428571429 0.125
1 0.6696428571428571 0.48325892857142855 0.09821428571428571 0.11830357142857142
1 0.9397321428571429 0.48549107142857145 0.11160714285714286 0.13169642857142858
1 0.18640848214285713 0.4524665178571428 0.12281696428571429 0.13707589285714286
1 0.058743303571428575 0.45056473214285714 0.11748660714285715 0.11541517857142858
0 0.5366227678571428 0.5143995535714285 0.15360267857142856 0.07344196428571428
3 0.12317857142857143 0.5288169642857142 0.09457142857142857 0.1915625
1 0.7888772321428571 0.47888839285714285 0.06882589285714286 0.14527678571428573
