1 0.7834821428571429 0.6696428571428571 0.23660714285714285 0.19642857142857142
1 0.5970982142857143 0.6439732142857143 0.13169642857142858 0.15401785714285715
1 0.45535714285714285 0.6372767857142857 0.14285714285714285 0.140625
1 0.3325892857142857 0.6082589285714286 0.09375 0.16294642857142858
0 0.21701339285714288 0.6573236607142857 0.12152678571428573 0.028933035714285713
1 0.16629464285714285 0.5904017857142857 0.171875 0.08258928571428571
1 0.05357142857142857 0.5848214285714286 0.05357142857142857 0.09821428571428571
1 0.7834821428571429 0.6696428571428571 0.23660714285714285 0.19642857142857142
1 0.5970982142857143 0.6439732142857143 0.13169642857142858 0.15401785714285715
1 0.45535714285714285 0.6372767857142857 0.14285714285714285 0.140625
1 0.3325892857142857 0.6082589285714286 0.09375 0.16294642857142858
0 0.21701339285714288 0.6573236607142857 0.12152678571428573 0.028933035714285713
1 0.16629464285714285 0.5904017857142857 0.171875 0.08258928571428571
1 0.05357142857142857 0.5848214285714286 0.05357142857142857 0.09821428571428571
1 0.7834821428571429 0.6696428571428571 0.23660714285714285 0.19642857142857142
1 0.5970982142857143 0.6439732142857143 0.13169642857142858 0.15401785714285715
1 0.45535714285714285 0.6372767857142857 0.14285714285714285 0.140625
1 0.3325892857142857 0.6082589285714286 0.09375 0.16294642857142858
0 0.21701339285714288 0.6573236607142857 0.12152678571428573 0.028933035714285713
1 0.16629464285714285 0.5904017857142857 0.171875 0.08258928571428571
1 0.05357142857142857 0.5848214285714286 0.05357142857142857 0.09821428571428571
1 0.7834821428571429 0.6696428571428571 0.23660714285714285 0.19642857142857142
1 0.5970982142857143 0.6439732142857143 0.13169642857142858 0.15401785714285715
1 0.45535714285714285 0.6372767857142857 0.14285714285714285 0.140625
1 0.3325892857142857 0.6082589285714286 0.09375 0.16294642857142858
0 0.21701339285714288 0.6573236607142857 0.12152678571428573 0.028933035714285713
1 0.16629464285714285 0.5904017857142857 0.171875 0.08258928571428571
1 0.05357142857142857 0.5848214285714286 0.05357142857142857 0.09821428571428571
1 0.7834821428571429 0.6696428571428571 0.23660714285714285 0.19642857142857142
1 0.5970982142857143 0.6439732142857143 0.13169642857142858 0.15401785714285715
1 0.45535714285714285 0.6372767857142857 0.14285714285714285 0.140625
1 0.3325892857142857 0.6082589285714286 0.09375 0.16294642857142858
0 0.21701339285714288 0.6573236607142857 0.12152678571428573 0.028933035714285713
1 0.16629464285714285 0.5904017857142857 0.171875 0.08258928571428571
1 0.05357142857142857 0.5848214285714286 0.05357142857142857 0.09821428571428571
