1 0.7205892857142857 0.6045758928571429 0.3518928571428571 0.3162946428571428
1 0.48196875 0.6027366071428572 0.2853660714285714 0.23225892857142857
1 0.34304910714285713 0.5860178571428571 0.2932410714285715 0.20775000000000002
1 0.09033705357142856 0.56734375 0.16281696428571427 0.17040178571428571
1 0.197390625 0.5859888392857143 0.17156696428571427 0.18090625000000002
1 0.7205892857142857 0.6045758928571429 0.3518928571428571 0.3162946428571428
1 0.48196875 0.6027366071428572 0.2853660714285714 0.23225892857142857
1 0.34304910714285713 0.5860178571428571 0.2932410714285715 0.20775000000000002
1 0.09033705357142856 0.56734375 0.16281696428571427 0.17040178571428571
1 0.197390625 0.5859888392857143 0.17156696428571427 0.18090625000000002
1 0.7205892857142857 0.6045758928571429 0.3518928571428571 0.3162946428571428
1 0.48196875 0.6027366071428572 0.2853660714285714 0.23225892857142857
1 0.34304910714285713 0.5860178571428571 0.2932410714285715 0.20775000000000002
1 0.09033705357142856 0.56734375 0.16281696428571427 0.17040178571428571
1 0.197390625 0.5859888392857143 0.17156696428571427 0.18090625000000002
1 0.7205892857142857 0.6045758928571429 0.3518928571428571 0.3162946428571428
1 0.48196875 0.6027366071428572 0.2853660714285714 0.23225892857142857
1 0.34304910714285713 0.5860178571428571 0.2932410714285715 0.20775000000000002
1 0.09033705357142856 0.56734375 0.16281696428571427 0.17040178571428571
1 0.197390625 0.5859888392857143 0.17156696428571427 0.18090625000000002
1 0.7205892857142857 0.6045758928571429 0.3518928571428571 0.3162946428571428
1 0.48196875 0.6027366071428572 0.2853660714285714 0.23225892857142857
1 0.34304910714285713 0.5860178571428571 0.2932410714285715 0.20775000000000002
1 0.09033705357142856 0.56734375 0.16281696428571427 0.17040178571428571
1 0.197390625 0.5859888392857143 0.17156696428571427 0.18090625000000002
