0 0.14268526785714286 0.6093236607142857 0.2585848214285714 0.1561473214285714
1 0.07396875 0.5536026785714286 0.1479375 0.2143482142857143
0 0.2645848214285714 0.6061674107142857 0.22559821428571428 0.15876339285714286
0 0.39413616071428575 0.6059888392857143 0.20791517857142858 0.15840625
0 0.5332142857142858 0.6050669642857143 0.17357142857142857 0.14763392857142857
1 0.6914776785714285 0.5588459821428572 0.14188392857142856 0.21590625
1 0.8413995535714286 0.5533058035714286 0.1649419642857143 0.19589732142857144
0 0.14268526785714286 0.6093236607142857 0.2585848214285714 0.1561473214285714
1 0.07396875 0.5536026785714286 0.1479375 0.2143482142857143
0 0.2645848214285714 0.6061674107142857 0.22559821428571428 0.15876339285714286
0 0.39413616071428575 0.6059888392857143 0.20791517857142858 0.15840625
0 0.5332142857142858 0.6050669642857143 0.17357142857142857 0.14763392857142857
1 0.6914776785714285 0.5588459821428572 0.14188392857142856 0.21590625
1 0.8413995535714286 0.5533058035714286 0.1649419642857143 0.19589732142857144
0 0.14268526785714286 0.6093236607142857 0.2585848214285714 0.1561473214285714
1 0.07396875 0.5536026785714286 0.1479375 0.2143482142857143
0 0.2645848214285714 0.6061674107142857 0.22559821428571428 0.15876339285714286
0 0.39413616071428575 0.6059888392857143 0.20791517857142858 0.15840625
0 0.5332142857142858 0.6050669642857143 0.17357142857142857 0.14763392857142857
1 0.6914776785714285 0.5588459821428572 0.14188392857142856 0.21590625
1 0.8413995535714286 0.5533058035714286 0.1649419642857143 0.19589732142857144
0 0.14268526785714286 0.6093236607142857 0.2585848214285714 0.1561473214285714
1 0.07396875 0.5536026785714286 0.1479375 0.2143482142857143
0 0.2645848214285714 0.6061674107142857 0.22559821428571428 0.15876339285714286
0 0.39413616071428575 0.6059888392857143 0.20791517857142858 0.15840625
0 0.5332142857142858 0.6050669642857143 0.17357142857142857 0.14763392857142857
1 0.6914776785714285 0.5588459821428572 0.14188392857142856 0.21590625
1 0.8413995535714286 0.5533058035714286 0.1649419642857143 0.19589732142857144
0 0.14268526785714286 0.6093236607142857 0.2585848214285714 0.1561473214285714
1 0.07396875 0.5536026785714286 0.1479375 0.2143482142857143
0 0.2645848214285714 0.6061674107142857 0.22559821428571428 0.15876339285714286
0 0.39413616071428575 0.6059888392857143 0.20791517857142858 0.15840625
0 0.5332142857142858 0.6050669642857143 0.17357142857142857 0.14763392857142857
1 0.6914776785714285 0.5588459821428572 0.14188392857142856 0.21590625
1 0.8413995535714286 0.5533058035714286 0.1649419642857143 0.19589732142857144
