0 0.48072098214285713 0.6094375000000001 0.19358482142857142 0.08494642857142856
1 0.6305803571428571 0.5569196428571429 0.14508928571428573 0.17633928571428573
1 0.31473214285714285 0.5602678571428571 0.13839285714285715 0.20089285714285715
1 0.12165178571428571 0.5636160714285714 0.16294642857142858 0.19866071428571427
1 0.7960915178571428 0.5643995535714286 0.1725401785714286 0.16451339285714286
1 0.4377477678571428 0.4854151785714286 0.08978125 0.11368750000000001
1 0.9259062499999999 0.5640647321428571 0.14645535714285712 0.16384375
0 0.48072098214285713 0.6094375000000001 0.19358482142857142 0.08494642857142856
1 0.6305803571428571 0.5569196428571429 0.14508928571428573 0.17633928571428573
1 0.31473214285714285 0.5602678571428571 0.13839285714285715 0.20089285714285715
1 0.12165178571428571 0.5636160714285714 0.16294642857142858 0.19866071428571427
1 0.7960915178571428 0.5643995535714286 0.1725401785714286 0.16451339285714286
1 0.4377477678571428 0.4854151785714286 0.08978125 0.11368750000000001
1 0.9259062499999999 0.5640647321428571 0.14645535714285712 0.16384375
0 0.48072098214285713 0.6094375000000001 0.19358482142857142 0.08494642857142856
1 0.6305803571428571 0.5569196428571429 0.14508928571428573 0.17633928571428573
1 0.31473214285714285 0.5602678571428571 0.13839285714285715 0.20089285714285715
1 0.12165178571428571 0.5636160714285714 0.16294642857142858 0.19866071428571427
1 0.7960915178571428 0.5643995535714286 0.1725401785714286 0.16451339285714286
1 0.4377477678571428 0.4854151785714286 0.08978125 0.11368750000000001
1 0.9259062499999999 0.5640647321428571 0.14645535714285712 0.16384375
0 0.48072098214285713 0.6094375000000001 0.19358482142857142 0.08494642857142856
1 0.6305803571428571 0.5569196428571429 0.14508928571428573 0.17633928571428573
1 0.31473214285714285 0.5602678571428571 0.13839285714285715 0.20089285714285715
1 0.12165178571428571 0.5636160714285714 0.16294642857142858 0.19866071428571427
1 0.7960915178571428 0.5643995535714286 0.1725401785714286 0.16451339285714286
1 0.4377477678571428 0.4854151785714286 0.08978125 0.11368750000000001
1 0.9259062499999999 0.5640647321428571 0.14645535714285712 0.16384375
0 0.48072098214285713 0.6094375000000001 0.19358482142857142 0.08494642857142856
1 0.6305803571428571 0.5569196428571429 0.14508928571428573 0.17633928571428573
1 0.31473214285714285 0.5602678571428571 0.13839285714285715 0.20089285714285715
1 0.12165178571428571 0.5636160714285714 0.16294642857142858 0.19866071428571427
1 0.7960915178571428 0.5643995535714286 0.1725401785714286 0.16451339285714286
1 0.4377477678571428 0.4854151785714286 0.08978125 0.11368750000000001
1 0.9259062499999999 0.5640647321428571 0.14645535714285712 0.16384375
