1 0.13322767857142856 0.5905669642857143 0.2664553571428571 0.34184821428571427
1 0.35704910714285715 0.5585870535714286 0.4105267857142857 0.3493169642857143
1 0.7549553571428572 0.5547410714285714 0.4116964285714286 0.3773392857142857
1 0.13322767857142856 0.5905669642857143 0.2664553571428571 0.34184821428571427
1 0.35704910714285715 0.5585870535714286 0.4105267857142857 0.3493169642857143
1 0.7549553571428572 0.5547410714285714 0.4116964285714286 0.3773392857142857
1 0.13322767857142856 0.5905669642857143 0.2664553571428571 0.34184821428571427
1 0.35704910714285715 0.5585870535714286 0.4105267857142857 0.3493169642857143
1 0.7549553571428572 0.5547410714285714 0.4116964285714286 0.3773392857142857
1 0.13322767857142856 0.5905669642857143 0.2664553571428571 0.34184821428571427
1 0.35704910714285715 0.5585870535714286 0.4105267857142857 0.3493169642857143
1 0.7549553571428572 0.5547410714285714 0.4116964285714286 0.3773392857142857
1 0.13322767857142856 0.5905669642857143 0.2664553571428571 0.34184821428571427
1 0.35704910714285715 0.5585870535714286 0.4105267857142857 0.3493169642857143
1 0.7549553571428572 0.5547410714285714 0.4116964285714286 0.3773392857142857
