1 0.6183035714285714 0.5703125 0.18303571428571427 0.12276785714285714
1 0.44754464285714285 0.5703125 0.13616071428571427 0.12276785714285714
1 0.3325892857142857 0.5669642857142857 0.08482142857142858 0.10714285714285714
1 0.23325892857142858 0.5602678571428571 0.109375 0.12946428571428573
1 0.06138392857142857 0.5658482142857143 0.06919642857142858 0.08705357142857142
1 0.13392857142857142 0.5625 0.07142857142857142 0.125
1 0.6183035714285714 0.5703125 0.18303571428571427 0.12276785714285714
1 0.44754464285714285 0.5703125 0.13616071428571427 0.12276785714285714
1 0.3325892857142857 0.5669642857142857 0.08482142857142858 0.10714285714285714
1 0.23325892857142858 0.5602678571428571 0.109375 0.12946428571428573
1 0.06138392857142857 0.5658482142857143 0.06919642857142858 0.08705357142857142
1 0.13392857142857142 0.5625 0.07142857142857142 0.125
1 0.6183035714285714 0.5703125 0.18303571428571427 0.12276785714285714
1 0.44754464285714285 0.5703125 0.13616071428571427 0.12276785714285714
1 0.3325892857142857 0.5669642857142857 0.08482142857142858 0.10714285714285714
1 0.23325892857142858 0.5602678571428571 0.109375 0.12946428571428573
1 0.06138392857142857 0.5658482142857143 0.06919642857142858 0.08705357142857142
1 0.13392857142857142 0.5625 0.07142857142857142 0.125
1 0.6183035714285714 0.5703125 0.18303571428571427 0.12276785714285714
1 0.44754464285714285 0.5703125 0.13616071428571427 0.12276785714285714
1 0.3325892857142857 0.5669642857142857 0.08482142857142858 0.10714285714285714
1 0.23325892857142858 0.5602678571428571 0.109375 0.12946428571428573
1 0.06138392857142857 0.5658482142857143 0.06919642857142858 0.08705357142857142
1 0.13392857142857142 0.5625 0.07142857142857142 0.125
1 0.6183035714285714 0.5703125 0.18303571428571427 0.12276785714285714
1 0.44754464285714285 0.5703125 0.13616071428571427 0.12276785714285714
1 0.3325892857142857 0.5669642857142857 0.08482142857142858 0.10714285714285714
1 0.23325892857142858 0.5602678571428571 0.109375 0.12946428571428573
1 0.06138392857142857 0.5658482142857143 0.06919642857142858 0.08705357142857142
1 0.13392857142857142 0.5625 0.07142857142857142 0.125
