1 0.7890625 0.48660714285714285 0.3013392857142857 0.25
0 0.5126049107142857 0.6135044642857144 0.3019955357142857 0.1377232142857143
1 0.26339285714285715 0.5401785714285714 0.19642857142857142 0.23214285714285715
1 0.07703125 0.5614776785714286 0.1540625 0.31045535714285716
1 0.7890625 0.48660714285714285 0.3013392857142857 0.25
0 0.5126049107142857 0.6135044642857144 0.3019955357142857 0.1377232142857143
1 0.26339285714285715 0.5401785714285714 0.19642857142857142 0.23214285714285715
1 0.07703125 0.5614776785714286 0.1540625 0.31045535714285716
1 0.7890625 0.48660714285714285 0.3013392857142857 0.25
0 0.5126049107142857 0.6135044642857144 0.3019955357142857 0.1377232142857143
1 0.26339285714285715 0.5401785714285714 0.19642857142857142 0.23214285714285715
1 0.07703125 0.5614776785714286 0.1540625 0.31045535714285716
1 0.7890625 0.48660714285714285 0.3013392857142857 0.25
0 0.5126049107142857 0.6135044642857144 0.3019955357142857 0.1377232142857143
1 0.26339285714285715 0.5401785714285714 0.19642857142857142 0.23214285714285715
1 0.07703125 0.5614776785714286 0.1540625 0.31045535714285716
1 0.7890625 0.48660714285714285 0.3013392857142857 0.25
0 0.5126049107142857 0.6135044642857144 0.3019955357142857 0.1377232142857143
1 0.26339285714285715 0.5401785714285714 0.19642857142857142 0.23214285714285715
1 0.07703125 0.5614776785714286 0.1540625 0.31045535714285716
