1 0.16852678571428573 0.5066964285714286 0.25669642857142855 0.20089285714285715
1 0.41517857142857145 0.5167410714285714 0.19642857142857142 0.22991071428571427
0 0.6586138392857143 0.5942745535714286 0.2547276785714286 0.12604910714285714
1 0.16852678571428573 0.5066964285714286 0.25669642857142855 0.20089285714285715
1 0.41517857142857145 0.5167410714285714 0.19642857142857142 0.22991071428571427
0 0.6586138392857143 0.5942745535714286 0.2547276785714286 0.12604910714285714
1 0.16852678571428573 0.5066964285714286 0.25669642857142855 0.20089285714285715
1 0.41517857142857145 0.5167410714285714 0.19642857142857142 0.22991071428571427
0 0.6586138392857143 0.5942745535714286 0.2547276785714286 0.12604910714285714
1 0.16852678571428573 0.5066964285714286 0.25669642857142855 0.20089285714285715
1 0.41517857142857145 0.5167410714285714 0.19642857142857142 0.22991071428571427
0 0.6586138392857143 0.5942745535714286 0.2547276785714286 0.12604910714285714
1 0.16852678571428573 0.5066964285714286 0.25669642857142855 0.20089285714285715
1 0.41517857142857145 0.5167410714285714 0.19642857142857142 0.22991071428571427
0 0.6586138392857143 0.5942745535714286 0.2547276785714286 0.12604910714285714
