1 0.13616071428571427 0.37611607142857145 0.26339285714285715 0.3325892857142857
1 0.36830357142857145 0.39620535714285715 0.2544642857142857 0.21205357142857142
1 0.5680803571428571 0.3783482142857143 0.14508928571428573 0.17633928571428573
1 0.7799040178571428 0.3559709821428571 0.22945089285714285 0.1494419642857143
1 0.6744330357142857 0.3841026785714286 0.24172321428571428 0.16999107142857145
1 0.13616071428571427 0.37611607142857145 0.26339285714285715 0.3325892857142857
1 0.36830357142857145 0.39620535714285715 0.2544642857142857 0.21205357142857142
1 0.5680803571428571 0.3783482142857143 0.14508928571428573 0.17633928571428573
1 0.7799040178571428 0.3559709821428571 0.22945089285714285 0.1494419642857143
1 0.6744330357142857 0.3841026785714286 0.24172321428571428 0.16999107142857145
1 0.13616071428571427 0.37611607142857145 0.26339285714285715 0.3325892857142857
1 0.36830357142857145 0.39620535714285715 0.2544642857142857 0.21205357142857142
1 0.5680803571428571 0.3783482142857143 0.14508928571428573 0.17633928571428573
1 0.7799040178571428 0.3559709821428571 0.22945089285714285 0.1494419642857143
1 0.6744330357142857 0.3841026785714286 0.24172321428571428 0.16999107142857145
1 0.13616071428571427 0.37611607142857145 0.26339285714285715 0.3325892857142857
1 0.36830357142857145 0.39620535714285715 0.2544642857142857 0.21205357142857142
1 0.5680803571428571 0.3783482142857143 0.14508928571428573 0.17633928571428573
1 0.7799040178571428 0.3559709821428571 0.22945089285714285 0.1494419642857143
1 0.6744330357142857 0.3841026785714286 0.24172321428571428 0.16999107142857145
1 0.13616071428571427 0.37611607142857145 0.26339285714285715 0.3325892857142857
1 0.36830357142857145 0.39620535714285715 0.2544642857142857 0.21205357142857142
1 0.5680803571428571 0.3783482142857143 0.14508928571428573 0.17633928571428573
1 0.7799040178571428 0.3559709821428571 0.22945089285714285 0.1494419642857143
1 0.6744330357142857 0.3841026785714286 0.24172321428571428 0.16999107142857145
