1 0.5843236607142857 0.7741674107142857 0.16864732142857145 0.17333482142857143
1 0.4636473214285714 0.7633839285714286 0.15050892857142856 0.1428392857142857
1 0.3543013392857143 0.7369486607142858 0.1639598214285714 0.17032589285714286
1 0.18086160714285712 0.7205267857142857 0.13850892857142857 0.119625
1 0.24380357142857143 0.7374910714285715 0.13046428571428573 0.11783928571428572
1 0.45118526785714286 0.6141897321428571 0.06308482142857143 0.049808035714285714
1 0.5002522321428572 0.6150200892857143 0.05407589285714286 0.05146875
1 0.5499174107142857 0.6246629464285715 0.05519196428571428 0.05289732142857143
1 0.6044933035714285 0.6291294642857144 0.06612946428571428 0.06183035714285714
1 0.6598482142857144 0.63284375 0.060767857142857144 0.06925892857142857
1 0.5843236607142857 0.7741674107142857 0.16864732142857145 0.17333482142857143
1 0.4636473214285714 0.7633839285714286 0.15050892857142856 0.1428392857142857
1 0.3543013392857143 0.7369486607142858 0.1639598214285714 0.17032589285714286
1 0.18086160714285712 0.7205267857142857 0.13850892857142857 0.119625
1 0.24380357142857143 0.7374910714285715 0.13046428571428573 0.11783928571428572
1 0.45118526785714286 0.6141897321428571 0.06308482142857143 0.049808035714285714
1 0.5002522321428572 0.6150200892857143 0.05407589285714286 0.05146875
1 0.5499174107142857 0.6246629464285715 0.05519196428571428 0.05289732142857143
1 0.6044933035714285 0.6291294642857144 0.06612946428571428 0.06183035714285714
1 0.6598482142857144 0.63284375 0.060767857142857144 0.06925892857142857
1 0.5843236607142857 0.7741674107142857 0.16864732142857145 0.17333482142857143
1 0.4636473214285714 0.7633839285714286 0.15050892857142856 0.1428392857142857
1 0.3543013392857143 0.7369486607142858 0.1639598214285714 0.17032589285714286
1 0.18086160714285712 0.7205267857142857 0.13850892857142857 0.119625
1 0.24380357142857143 0.7374910714285715 0.13046428571428573 0.11783928571428572
1 0.45118526785714286 0.6141897321428571 0.06308482142857143 0.049808035714285714
1 0.5002522321428572 0.6150200892857143 0.05407589285714286 0.05146875
1 0.5499174107142857 0.6246629464285715 0.05519196428571428 0.05289732142857143
1 0.6044933035714285 0.6291294642857144 0.06612946428571428 0.06183035714285714
1 0.6598482142857144 0.63284375 0.060767857142857144 0.06925892857142857
1 0.5843236607142857 0.7741674107142857 0.16864732142857145 0.17333482142857143
1 0.4636473214285714 0.7633839285714286 0.15050892857142856 0.1428392857142857
1 0.3543013392857143 0.7369486607142858 0.1639598214285714 0.17032589285714286
1 0.18086160714285712 0.7205267857142857 0.13850892857142857 0.119625
1 0.24380357142857143 0.7374910714285715 0.13046428571428573 0.11783928571428572
1 0.45118526785714286 0.6141897321428571 0.06308482142857143 0.049808035714285714
1 0.5002522321428572 0.6150200892857143 0.05407589285714286 0.05146875
1 0.5499174107142857 0.6246629464285715 0.05519196428571428 0.05289732142857143
1 0.6044933035714285 0.6291294642857144 0.06612946428571428 0.06183035714285714
1 0.6598482142857144 0.63284375 0.060767857142857144 0.06925892857142857
1 0.5843236607142857 0.7741674107142857 0.16864732142857145 0.17333482142857143
1 0.4636473214285714 0.7633839285714286 0.15050892857142856 0.1428392857142857
1 0.3543013392857143 0.7369486607142858 0.1639598214285714 0.17032589285714286
1 0.18086160714285712 0.7205267857142857 0.13850892857142857 0.119625
1 0.24380357142857143 0.7374910714285715 0.13046428571428573 0.11783928571428572
1 0.45118526785714286 0.6141897321428571 0.06308482142857143 0.049808035714285714
1 0.5002522321428572 0.6150200892857143 0.05407589285714286 0.05146875
1 0.5499174107142857 0.6246629464285715 0.05519196428571428 0.05289732142857143
1 0.6044933035714285 0.6291294642857144 0.06612946428571428 0.06183035714285714
1 0.6598482142857144 0.63284375 0.060767857142857144 0.06925892857142857
