1 0.5077991071428571 0.66 0.34595535714285713 0.27535714285714286
1 0.80259375 0.6094709821428571 0.3194732142857143 0.31715625000000003
1 0.22066071428571427 0.6339620535714285 0.3609642857142857 0.33042410714285714
1 0.07049107142857143 0.6228928571428571 0.14098214285714286 0.2904285714285714
3 0.5105870535714285 0.4336316964285714 0.04795982142857143 0.16190625
3 0.9823325892857142 0.26855580357142855 0.03609375 0.14425446428571428
1 0.5077991071428571 0.66 0.34595535714285713 0.27535714285714286
1 0.80259375 0.6094709821428571 0.3194732142857143 0.31715625000000003
1 0.22066071428571427 0.6339620535714285 0.3609642857142857 0.33042410714285714
1 0.07049107142857143 0.6228928571428571 0.14098214285714286 0.2904285714285714
3 0.5105870535714285 0.4336316964285714 0.04795982142857143 0.16190625
3 0.9823325892857142 0.26855580357142855 0.03609375 0.14425446428571428
1 0.5077991071428571 0.66 0.34595535714285713 0.27535714285714286
1 0.80259375 0.6094709821428571 0.3194732142857143 0.31715625000000003
1 0.22066071428571427 0.6339620535714285 0.3609642857142857 0.33042410714285714
1 0.07049107142857143 0.6228928571428571 0.14098214285714286 0.2904285714285714
3 0.5105870535714285 0.4336316964285714 0.04795982142857143 0.16190625
3 0.9823325892857142 0.26855580357142855 0.03609375 0.14425446428571428
1 0.5077991071428571 0.66 0.34595535714285713 0.27535714285714286
1 0.80259375 0.6094709821428571 0.3194732142857143 0.31715625000000003
1 0.22066071428571427 0.6339620535714285 0.3609642857142857 0.33042410714285714
1 0.07049107142857143 0.6228928571428571 0.14098214285714286 0.2904285714285714
3 0.5105870535714285 0.4336316964285714 0.04795982142857143 0.16190625
3 0.9823325892857142 0.26855580357142855 0.03609375 0.14425446428571428
1 0.5077991071428571 0.66 0.34595535714285713 0.27535714285714286
1 0.80259375 0.6094709821428571 0.3194732142857143 0.31715625000000003
1 0.22066071428571427 0.6339620535714285 0.3609642857142857 0.33042410714285714
1 0.07049107142857143 0.6228928571428571 0.14098214285714286 0.2904285714285714
3 0.5105870535714285 0.4336316964285714 0.04795982142857143 0.16190625
3 0.9823325892857142 0.26855580357142855 0.03609375 0.14425446428571428
