0 0.7912589285714285 0.6625825892857142 0.4218035714285714 0.09302232142857143
0 0.7266540178571429 0.6398013392857143 0.46223660714285714 0.08317410714285714
0 0.6193616071428572 0.6113727678571428 0.40836607142857145 0.07988839285714286
0 0.5451651785714285 0.5845870535714285 0.41175892857142854 0.07988839285714286
0 0.46247321428571425 0.5662700892857143 0.38923214285714286 0.07004017857142857
1 0.3721629464285714 0.4857924107142857 0.42289732142857145 0.19479910714285714
1 0.24915848214285716 0.4343504464285714 0.34653125 0.19012946428571428
1 0.10018080357142857 0.3746183035714286 0.20036160714285714 0.15102232142857144
1 0.1831517857142857 0.18873437499999998 0.16094642857142857 0.12746875
0 0.07662276785714285 0.15480803571428572 0.12645982142857143 0.03283035714285714
0 0.7912589285714285 0.6625825892857142 0.4218035714285714 0.09302232142857143
0 0.7266540178571429 0.6398013392857143 0.46223660714285714 0.08317410714285714
0 0.6193616071428572 0.6113727678571428 0.40836607142857145 0.07988839285714286
0 0.5451651785714285 0.5845870535714285 0.41175892857142854 0.07988839285714286
0 0.46247321428571425 0.5662700892857143 0.38923214285714286 0.07004017857142857
1 0.3721629464285714 0.4857924107142857 0.42289732142857145 0.19479910714285714
1 0.24915848214285716 0.4343504464285714 0.34653125 0.19012946428571428
1 0.10018080357142857 0.3746183035714286 0.20036160714285714 0.15102232142857144
1 0.1831517857142857 0.18873437499999998 0.16094642857142857 0.12746875
0 0.07662276785714285 0.15480803571428572 0.12645982142857143 0.03283035714285714
0 0.7912589285714285 0.6625825892857142 0.4218035714285714 0.09302232142857143
0 0.7266540178571429 0.6398013392857143 0.46223660714285714 0.08317410714285714
0 0.6193616071428572 0.6113727678571428 0.40836607142857145 0.07988839285714286
0 0.5451651785714285 0.5845870535714285 0.41175892857142854 0.07988839285714286
0 0.46247321428571425 0.5662700892857143 0.38923214285714286 0.07004017857142857
1 0.3721629464285714 0.4857924107142857 0.42289732142857145 0.19479910714285714
1 0.24915848214285716 0.4343504464285714 0.34653125 0.19012946428571428
1 0.10018080357142857 0.3746183035714286 0.20036160714285714 0.15102232142857144
1 0.1831517857142857 0.18873437499999998 0.16094642857142857 0.12746875
0 0.07662276785714285 0.15480803571428572 0.12645982142857143 0.03283035714285714
0 0.7912589285714285 0.6625825892857142 0.4218035714285714 0.09302232142857143
0 0.7266540178571429 0.6398013392857143 0.46223660714285714 0.08317410714285714
0 0.6193616071428572 0.6113727678571428 0.40836607142857145 0.07988839285714286
0 0.5451651785714285 0.5845870535714285 0.41175892857142854 0.07988839285714286
0 0.46247321428571425 0.5662700892857143 0.38923214285714286 0.07004017857142857
1 0.3721629464285714 0.4857924107142857 0.42289732142857145 0.19479910714285714
1 0.24915848214285716 0.4343504464285714 0.34653125 0.19012946428571428
1 0.10018080357142857 0.3746183035714286 0.20036160714285714 0.15102232142857144
1 0.1831517857142857 0.18873437499999998 0.16094642857142857 0.12746875
0 0.07662276785714285 0.15480803571428572 0.12645982142857143 0.03283035714285714
0 0.7912589285714285 0.6625825892857142 0.4218035714285714 0.09302232142857143
0 0.7266540178571429 0.6398013392857143 0.46223660714285714 0.08317410714285714
0 0.6193616071428572 0.6113727678571428 0.40836607142857145 0.07988839285714286
0 0.5451651785714285 0.5845870535714285 0.41175892857142854 0.07988839285714286
0 0.46247321428571425 0.5662700892857143 0.38923214285714286 0.07004017857142857
1 0.3721629464285714 0.4857924107142857 0.42289732142857145 0.19479910714285714
1 0.24915848214285716 0.4343504464285714 0.34653125 0.19012946428571428
1 0.10018080357142857 0.3746183035714286 0.20036160714285714 0.15102232142857144
1 0.1831517857142857 0.18873437499999998 0.16094642857142857 0.12746875
0 0.07662276785714285 0.15480803571428572 0.12645982142857143 0.03283035714285714
