1 0.2971026785714286 0.6394776785714286 0.2817053571428571 0.21645535714285713
1 0.5090915178571429 0.6153571428571428 0.2681830357142857 0.22178571428571428
1 0.6875669642857142 0.5915267857142857 0.16977678571428573 0.19198214285714285
1 0.8330156249999999 0.5689441964285714 0.10353124999999999 0.13788839285714286
1 0.9321785714285714 0.5580200892857142 0.1322142857142857 0.16068303571428572
1 0.2971026785714286 0.6394776785714286 0.2817053571428571 0.21645535714285713
1 0.5090915178571429 0.6153571428571428 0.2681830357142857 0.22178571428571428
1 0.6875669642857142 0.5915267857142857 0.16977678571428573 0.19198214285714285
1 0.8330156249999999 0.5689441964285714 0.10353124999999999 0.13788839285714286
1 0.9321785714285714 0.5580200892857142 0.1322142857142857 0.16068303571428572
1 0.2971026785714286 0.6394776785714286 0.2817053571428571 0.21645535714285713
1 0.5090915178571429 0.6153571428571428 0.2681830357142857 0.22178571428571428
1 0.6875669642857142 0.5915267857142857 0.16977678571428573 0.19198214285714285
1 0.8330156249999999 0.5689441964285714 0.10353124999999999 0.13788839285714286
1 0.9321785714285714 0.5580200892857142 0.1322142857142857 0.16068303571428572
1 0.2971026785714286 0.6394776785714286 0.2817053571428571 0.21645535714285713
1 0.5090915178571429 0.6153571428571428 0.2681830357142857 0.22178571428571428
1 0.6875669642857142 0.5915267857142857 0.16977678571428573 0.19198214285714285
1 0.8330156249999999 0.5689441964285714 0.10353124999999999 0.13788839285714286
1 0.9321785714285714 0.5580200892857142 0.1322142857142857 0.16068303571428572
1 0.2971026785714286 0.6394776785714286 0.2817053571428571 0.21645535714285713
1 0.5090915178571429 0.6153571428571428 0.2681830357142857 0.22178571428571428
1 0.6875669642857142 0.5915267857142857 0.16977678571428573 0.19198214285714285
1 0.8330156249999999 0.5689441964285714 0.10353124999999999 0.13788839285714286
1 0.9321785714285714 0.5580200892857142 0.1322142857142857 0.16068303571428572
