1 0.2845357142857143 0.42931473214285715 0.4619285714285714 0.3050580357142857
1 0.16505357142857144 0.3595401785714286 0.3211785714285714 0.26372321428571427
0 0.7046138392857143 0.6467433035714285 0.54315625 0.11491517857142856
0 0.5869285714285715 0.6329374999999999 0.3881428571428572 0.11408928571428571
0 0.5330491071428571 0.6003638392857144 0.4321696428571428 0.10251339285714287
0 0.45504687499999996 0.5796138392857143 0.4011651785714286 0.09672767857142858
0 0.3736986607142857 0.5567946428571429 0.38132589285714286 0.08680357142857142
1 0.08928571428571429 0.18303571428571427 0.15178571428571427 0.14285714285714285
1 0.2845357142857143 0.42931473214285715 0.4619285714285714 0.3050580357142857
1 0.16505357142857144 0.3595401785714286 0.3211785714285714 0.26372321428571427
0 0.7046138392857143 0.6467433035714285 0.54315625 0.11491517857142856
0 0.5869285714285715 0.6329374999999999 0.3881428571428572 0.11408928571428571
0 0.5330491071428571 0.6003638392857144 0.4321696428571428 0.10251339285714287
0 0.45504687499999996 0.5796138392857143 0.4011651785714286 0.09672767857142858
0 0.3736986607142857 0.5567946428571429 0.38132589285714286 0.08680357142857142
1 0.08928571428571429 0.18303571428571427 0.15178571428571427 0.14285714285714285
1 0.2845357142857143 0.42931473214285715 0.4619285714285714 0.3050580357142857
1 0.16505357142857144 0.3595401785714286 0.3211785714285714 0.26372321428571427
0 0.7046138392857143 0.6467433035714285 0.54315625 0.11491517857142856
0 0.5869285714285715 0.6329374999999999 0.3881428571428572 0.11408928571428571
0 0.5330491071428571 0.6003638392857144 0.4321696428571428 0.10251339285714287
0 0.45504687499999996 0.5796138392857143 0.4011651785714286 0.09672767857142858
0 0.3736986607142857 0.5567946428571429 0.38132589285714286 0.08680357142857142
1 0.08928571428571429 0.18303571428571427 0.15178571428571427 0.14285714285714285
1 0.2845357142857143 0.42931473214285715 0.4619285714285714 0.3050580357142857
1 0.16505357142857144 0.3595401785714286 0.3211785714285714 0.26372321428571427
0 0.7046138392857143 0.6467433035714285 0.54315625 0.11491517857142856
0 0.5869285714285715 0.6329374999999999 0.3881428571428572 0.11408928571428571
0 0.5330491071428571 0.6003638392857144 0.4321696428571428 0.10251339285714287
0 0.45504687499999996 0.5796138392857143 0.4011651785714286 0.09672767857142858
0 0.3736986607142857 0.5567946428571429 0.38132589285714286 0.08680357142857142
1 0.08928571428571429 0.18303571428571427 0.15178571428571427 0.14285714285714285
1 0.2845357142857143 0.42931473214285715 0.4619285714285714 0.3050580357142857
1 0.16505357142857144 0.3595401785714286 0.3211785714285714 0.26372321428571427
0 0.7046138392857143 0.6467433035714285 0.54315625 0.11491517857142856
0 0.5869285714285715 0.6329374999999999 0.3881428571428572 0.11408928571428571
0 0.5330491071428571 0.6003638392857144 0.4321696428571428 0.10251339285714287
0 0.45504687499999996 0.5796138392857143 0.4011651785714286 0.09672767857142858
0 0.3736986607142857 0.5567946428571429 0.38132589285714286 0.08680357142857142
1 0.08928571428571429 0.18303571428571427 0.15178571428571427 0.14285714285714285
