1 0.33012946428571427 0.7004620535714287 0.6245446428571428 0.5884241071428571
1 0.18999776785714287 0.7303102678571428 0.37999553571428574 0.5231205357142857
1 0.48815625 0.5795848214285714 0.3066696428571429 0.34666964285714286
1 0.6517745535714285 0.5732410714285715 0.14283482142857143 0.20005357142857141
1 0.33012946428571427 0.7004620535714287 0.6245446428571428 0.5884241071428571
1 0.18999776785714287 0.7303102678571428 0.37999553571428574 0.5231205357142857
1 0.48815625 0.5795848214285714 0.3066696428571429 0.34666964285714286
1 0.6517745535714285 0.5732410714285715 0.14283482142857143 0.20005357142857141
1 0.33012946428571427 0.7004620535714287 0.6245446428571428 0.5884241071428571
1 0.18999776785714287 0.7303102678571428 0.37999553571428574 0.5231205357142857
1 0.48815625 0.5795848214285714 0.3066696428571429 0.34666964285714286
1 0.6517745535714285 0.5732410714285715 0.14283482142857143 0.20005357142857141
1 0.33012946428571427 0.7004620535714287 0.6245446428571428 0.5884241071428571
1 0.18999776785714287 0.7303102678571428 0.37999553571428574 0.5231205357142857
1 0.48815625 0.5795848214285714 0.3066696428571429 0.34666964285714286
1 0.6517745535714285 0.5732410714285715 0.14283482142857143 0.20005357142857141
1 0.33012946428571427 0.7004620535714287 0.6245446428571428 0.5884241071428571
1 0.18999776785714287 0.7303102678571428 0.37999553571428574 0.5231205357142857
1 0.48815625 0.5795848214285714 0.3066696428571429 0.34666964285714286
1 0.6517745535714285 0.5732410714285715 0.14283482142857143 0.20005357142857141
