1 0.7161852678571429 0.6964129464285714 0.27165625 0.2946116071428571
1 0.47535044642857144 0.6987500000000001 0.2542723214285714 0.2546428571428571
1 0.27234375 0.6672723214285714 0.29468750000000005 0.2899017857142857
1 0.10220312499999999 0.6906785714285714 0.19547767857142856 0.22064285714285714
3 0.086015625 0.5339933035714285 0.047031250000000004 0.11262946428571428
1 0.4283950892857143 0.4475022321428571 0.12464732142857142 0.0825044642857143
1 0.5311004464285715 0.4401316964285714 0.1336294642857143 0.11240625
1 0.6283683035714286 0.45445982142857144 0.12280803571428571 0.08749107142857142
1 0.7340446428571428 0.4513258928571428 0.12880357142857143 0.1169375
1 0.846609375 0.4501339285714286 0.11286160714285713 0.12348214285714286
1 0.7161852678571429 0.6964129464285714 0.27165625 0.2946116071428571
1 0.47535044642857144 0.6987500000000001 0.2542723214285714 0.2546428571428571
1 0.27234375 0.6672723214285714 0.29468750000000005 0.2899017857142857
1 0.10220312499999999 0.6906785714285714 0.19547767857142856 0.22064285714285714
3 0.086015625 0.5339933035714285 0.047031250000000004 0.11262946428571428
1 0.4283950892857143 0.4475022321428571 0.12464732142857142 0.0825044642857143
1 0.5311004464285715 0.4401316964285714 0.1336294642857143 0.11240625
1 0.6283683035714286 0.45445982142857144 0.12280803571428571 0.08749107142857142
1 0.7340446428571428 0.4513258928571428 0.12880357142857143 0.1169375
1 0.846609375 0.4501339285714286 0.11286160714285713 0.12348214285714286
1 0.7161852678571429 0.6964129464285714 0.27165625 0.2946116071428571
1 0.47535044642857144 0.6987500000000001 0.2542723214285714 0.2546428571428571
1 0.27234375 0.6672723214285714 0.29468750000000005 0.2899017857142857
1 0.10220312499999999 0.6906785714285714 0.19547767857142856 0.22064285714285714
3 0.086015625 0.5339933035714285 0.047031250000000004 0.11262946428571428
1 0.4283950892857143 0.4475022321428571 0.12464732142857142 0.0825044642857143
1 0.5311004464285715 0.4401316964285714 0.1336294642857143 0.11240625
1 0.6283683035714286 0.45445982142857144 0.12280803571428571 0.08749107142857142
1 0.7340446428571428 0.4513258928571428 0.12880357142857143 0.1169375
1 0.846609375 0.4501339285714286 0.11286160714285713 0.12348214285714286
1 0.7161852678571429 0.6964129464285714 0.27165625 0.2946116071428571
1 0.47535044642857144 0.6987500000000001 0.2542723214285714 0.2546428571428571
1 0.27234375 0.6672723214285714 0.29468750000000005 0.2899017857142857
1 0.10220312499999999 0.6906785714285714 0.19547767857142856 0.22064285714285714
3 0.086015625 0.5339933035714285 0.047031250000000004 0.11262946428571428
1 0.4283950892857143 0.4475022321428571 0.12464732142857142 0.0825044642857143
1 0.5311004464285715 0.4401316964285714 0.1336294642857143 0.11240625
1 0.6283683035714286 0.45445982142857144 0.12280803571428571 0.08749107142857142
1 0.7340446428571428 0.4513258928571428 0.12880357142857143 0.1169375
1 0.846609375 0.4501339285714286 0.11286160714285713 0.12348214285714286
1 0.7161852678571429 0.6964129464285714 0.27165625 0.2946116071428571
1 0.47535044642857144 0.6987500000000001 0.2542723214285714 0.2546428571428571
1 0.27234375 0.6672723214285714 0.29468750000000005 0.2899017857142857
1 0.10220312499999999 0.6906785714285714 0.19547767857142856 0.22064285714285714
3 0.086015625 0.5339933035714285 0.047031250000000004 0.11262946428571428
1 0.4283950892857143 0.4475022321428571 0.12464732142857142 0.0825044642857143
1 0.5311004464285715 0.4401316964285714 0.1336294642857143 0.11240625
1 0.6283683035714286 0.45445982142857144 0.12280803571428571 0.08749107142857142
1 0.7340446428571428 0.4513258928571428 0.12880357142857143 0.1169375
1 0.846609375 0.4501339285714286 0.11286160714285713 0.12348214285714286
