1 0.09360044642857143 0.6232879464285714 0.16041517857142856 0.12157589285714286
1 0.20384821428571429 0.6196272321428572 0.13983928571428572 0.12318303571428571
1 0.3146227678571428 0.6172901785714285 0.1292455357142857 0.13636607142857143
1 0.40990401785714287 0.6212767857142857 0.1323080357142857 0.12648214285714285
1 0.533078125 0.6071941964285715 0.11079910714285714 0.14295982142857144
1 0.6535669642857143 0.610765625 0.11963392857142856 0.1322455357142857
1 0.7607276785714285 0.6065089285714286 0.1285982142857143 0.1326607142857143
1 0.8794263392857143 0.6157477678571429 0.13385267857142857 0.12435267857142858
1 0.09360044642857143 0.6232879464285714 0.16041517857142856 0.12157589285714286
1 0.20384821428571429 0.6196272321428572 0.13983928571428572 0.12318303571428571
1 0.3146227678571428 0.6172901785714285 0.1292455357142857 0.13636607142857143
1 0.40990401785714287 0.6212767857142857 0.1323080357142857 0.12648214285714285
1 0.533078125 0.6071941964285715 0.11079910714285714 0.14295982142857144
1 0.6535669642857143 0.610765625 0.11963392857142856 0.1322455357142857
1 0.7607276785714285 0.6065089285714286 0.1285982142857143 0.1326607142857143
1 0.8794263392857143 0.6157477678571429 0.13385267857142857 0.12435267857142858
1 0.09360044642857143 0.6232879464285714 0.16041517857142856 0.12157589285714286
1 0.20384821428571429 0.6196272321428572 0.13983928571428572 0.12318303571428571
1 0.3146227678571428 0.6172901785714285 0.1292455357142857 0.13636607142857143
1 0.40990401785714287 0.6212767857142857 0.1323080357142857 0.12648214285714285
1 0.533078125 0.6071941964285715 0.11079910714285714 0.14295982142857144
1 0.6535669642857143 0.610765625 0.11963392857142856 0.1322455357142857
1 0.7607276785714285 0.6065089285714286 0.1285982142857143 0.1326607142857143
1 0.8794263392857143 0.6157477678571429 0.13385267857142857 0.12435267857142858
1 0.09360044642857143 0.6232879464285714 0.16041517857142856 0.12157589285714286
1 0.20384821428571429 0.6196272321428572 0.13983928571428572 0.12318303571428571
1 0.3146227678571428 0.6172901785714285 0.1292455357142857 0.13636607142857143
1 0.40990401785714287 0.6212767857142857 0.1323080357142857 0.12648214285714285
1 0.533078125 0.6071941964285715 0.11079910714285714 0.14295982142857144
1 0.6535669642857143 0.610765625 0.11963392857142856 0.1322455357142857
1 0.7607276785714285 0.6065089285714286 0.1285982142857143 0.1326607142857143
1 0.8794263392857143 0.6157477678571429 0.13385267857142857 0.12435267857142858
1 0.09360044642857143 0.6232879464285714 0.16041517857142856 0.12157589285714286
1 0.20384821428571429 0.6196272321428572 0.13983928571428572 0.12318303571428571
1 0.3146227678571428 0.6172901785714285 0.1292455357142857 0.13636607142857143
1 0.40990401785714287 0.6212767857142857 0.1323080357142857 0.12648214285714285
1 0.533078125 0.6071941964285715 0.11079910714285714 0.14295982142857144
1 0.6535669642857143 0.610765625 0.11963392857142856 0.1322455357142857
1 0.7607276785714285 0.6065089285714286 0.1285982142857143 0.1326607142857143
1 0.8794263392857143 0.6157477678571429 0.13385267857142857 0.12435267857142858
