1 0.06798214285714285 0.41620089285714285 0.07346428571428572 0.10025892857142857
1 0.13071875 0.4284799107142857 0.11858035714285715 0.09803125
1 0.2265245535714286 0.43442857142857144 0.13162053571428572 0.10099999999999999
0 0.3086941964285715 0.462 0.1263169642857143 0.05792857142857143
1 0.4222991071428571 0.43291964285714285 0.11245535714285715 0.12476785714285714
1 0.5289776785714285 0.42993973214285713 0.11152678571428572 0.12773660714285714
1 0.6336071428571428 0.4344129464285714 0.11542857142857144 0.11882589285714286
1 0.7443928571428572 0.4355357142857143 0.10485714285714286 0.11214285714285714
1 0.8767589285714286 0.4301584821428572 0.083875 0.12817410714285712
1 0.9633348214285714 0.44372098214285716 0.06952678571428571 0.11065625
1 0.06798214285714285 0.41620089285714285 0.07346428571428572 0.10025892857142857
1 0.13071875 0.4284799107142857 0.11858035714285715 0.09803125
1 0.2265245535714286 0.43442857142857144 0.13162053571428572 0.10099999999999999
0 0.3086941964285715 0.462 0.1263169642857143 0.05792857142857143
1 0.4222991071428571 0.43291964285714285 0.11245535714285715 0.12476785714285714
1 0.5289776785714285 0.42993973214285713 0.11152678571428572 0.12773660714285714
1 0.6336071428571428 0.4344129464285714 0.11542857142857144 0.11882589285714286
1 0.7443928571428572 0.4355357142857143 0.10485714285714286 0.11214285714285714
1 0.8767589285714286 0.4301584821428572 0.083875 0.12817410714285712
1 0.9633348214285714 0.44372098214285716 0.06952678571428571 0.11065625
1 0.06798214285714285 0.41620089285714285 0.07346428571428572 0.10025892857142857
1 0.13071875 0.4284799107142857 0.11858035714285715 0.09803125
1 0.2265245535714286 0.43442857142857144 0.13162053571428572 0.10099999999999999
0 0.3086941964285715 0.462 0.1263169642857143 0.05792857142857143
1 0.4222991071428571 0.43291964285714285 0.11245535714285715 0.12476785714285714
1 0.5289776785714285 0.42993973214285713 0.11152678571428572 0.12773660714285714
1 0.6336071428571428 0.4344129464285714 0.11542857142857144 0.11882589285714286
1 0.7443928571428572 0.4355357142857143 0.10485714285714286 0.11214285714285714
1 0.8767589285714286 0.4301584821428572 0.083875 0.12817410714285712
1 0.9633348214285714 0.44372098214285716 0.06952678571428571 0.11065625
1 0.06798214285714285 0.41620089285714285 0.07346428571428572 0.10025892857142857
1 0.13071875 0.4284799107142857 0.11858035714285715 0.09803125
1 0.2265245535714286 0.43442857142857144 0.13162053571428572 0.10099999999999999
0 0.3086941964285715 0.462 0.1263169642857143 0.05792857142857143
1 0.4222991071428571 0.43291964285714285 0.11245535714285715 0.12476785714285714
1 0.5289776785714285 0.42993973214285713 0.11152678571428572 0.12773660714285714
1 0.6336071428571428 0.4344129464285714 0.11542857142857144 0.11882589285714286
1 0.7443928571428572 0.4355357142857143 0.10485714285714286 0.11214285714285714
1 0.8767589285714286 0.4301584821428572 0.083875 0.12817410714285712
1 0.9633348214285714 0.44372098214285716 0.06952678571428571 0.11065625
1 0.06798214285714285 0.41620089285714285 0.07346428571428572 0.10025892857142857
1 0.13071875 0.4284799107142857 0.11858035714285715 0.09803125
1 0.2265245535714286 0.43442857142857144 0.13162053571428572 0.10099999999999999
0 0.3086941964285715 0.462 0.1263169642857143 0.05792857142857143
1 0.4222991071428571 0.43291964285714285 0.11245535714285715 0.12476785714285714
1 0.5289776785714285 0.42993973214285713 0.11152678571428572 0.12773660714285714
1 0.6336071428571428 0.4344129464285714 0.11542857142857144 0.11882589285714286
1 0.7443928571428572 0.4355357142857143 0.10485714285714286 0.11214285714285714
1 0.8767589285714286 0.4301584821428572 0.083875 0.12817410714285712
1 0.9633348214285714 0.44372098214285716 0.06952678571428571 0.11065625
