1 0.7611607142857143 0.7053571428571429 0.28125 0.3125
1 0.44754464285714285 0.6707589285714286 0.234375 0.24330357142857142
1 0.21540178571428573 0.5881696428571429 0.19866071428571427 0.25669642857142855
1 0.6785714285714286 0.15625 0.13392857142857142 0.14285714285714285
1 0.5223214285714286 0.17410714285714285 0.10714285714285714 0.125
1 0.40066964285714285 0.15290178571428573 0.140625 0.11830357142857142
1 0.265625 0.15959821428571427 0.11160714285714286 0.11383928571428571
1 0.12946428571428573 0.14620535714285715 0.125 0.11383928571428571
1 0.8705357142857143 0.03794642857142857 0.08035714285714286 0.06696428571428571
1 0.78125 0.03459821428571429 0.08928571428571429 0.060267857142857144
3 0.5837053571428571 0.515625 0.05133928571428571 0.06696428571428571
1 0.7611607142857143 0.7053571428571429 0.28125 0.3125
1 0.44754464285714285 0.6707589285714286 0.234375 0.24330357142857142
1 0.21540178571428573 0.5881696428571429 0.19866071428571427 0.25669642857142855
1 0.6785714285714286 0.15625 0.13392857142857142 0.14285714285714285
1 0.5223214285714286 0.17410714285714285 0.10714285714285714 0.125
1 0.40066964285714285 0.15290178571428573 0.140625 0.11830357142857142
1 0.265625 0.15959821428571427 0.11160714285714286 0.11383928571428571
1 0.12946428571428573 0.14620535714285715 0.125 0.11383928571428571
1 0.8705357142857143 0.03794642857142857 0.08035714285714286 0.06696428571428571
1 0.78125 0.03459821428571429 0.08928571428571429 0.060267857142857144
3 0.5837053571428571 0.515625 0.05133928571428571 0.06696428571428571
1 0.7611607142857143 0.7053571428571429 0.28125 0.3125
1 0.44754464285714285 0.6707589285714286 0.234375 0.24330357142857142
1 0.21540178571428573 0.5881696428571429 0.19866071428571427 0.25669642857142855
1 0.6785714285714286 0.15625 0.13392857142857142 0.14285714285714285
1 0.5223214285714286 0.17410714285714285 0.10714285714285714 0.125
1 0.40066964285714285 0.15290178571428573 0.140625 0.11830357142857142
1 0.265625 0.15959821428571427 0.11160714285714286 0.11383928571428571
1 0.12946428571428573 0.14620535714285715 0.125 0.11383928571428571
1 0.8705357142857143 0.03794642857142857 0.08035714285714286 0.06696428571428571
1 0.78125 0.03459821428571429 0.08928571428571429 0.060267857142857144
3 0.5837053571428571 0.515625 0.05133928571428571 0.06696428571428571
1 0.7611607142857143 0.7053571428571429 0.28125 0.3125
1 0.44754464285714285 0.6707589285714286 0.234375 0.24330357142857142
1 0.21540178571428573 0.5881696428571429 0.19866071428571427 0.25669642857142855
1 0.6785714285714286 0.15625 0.13392857142857142 0.14285714285714285
1 0.5223214285714286 0.17410714285714285 0.10714285714285714 0.125
1 0.40066964285714285 0.15290178571428573 0.140625 0.11830357142857142
1 0.265625 0.15959821428571427 0.11160714285714286 0.11383928571428571
1 0.12946428571428573 0.14620535714285715 0.125 0.11383928571428571
1 0.8705357142857143 0.03794642857142857 0.08035714285714286 0.06696428571428571
1 0.78125 0.03459821428571429 0.08928571428571429 0.060267857142857144
3 0.5837053571428571 0.515625 0.05133928571428571 0.06696428571428571
1 0.7611607142857143 0.7053571428571429 0.28125 0.3125
1 0.44754464285714285 0.6707589285714286 0.234375 0.24330357142857142
1 0.21540178571428573 0.5881696428571429 0.19866071428571427 0.25669642857142855
1 0.6785714285714286 0.15625 0.13392857142857142 0.14285714285714285
1 0.5223214285714286 0.17410714285714285 0.10714285714285714 0.125
1 0.40066964285714285 0.15290178571428573 0.140625 0.11830357142857142
1 0.265625 0.15959821428571427 0.11160714285714286 0.11383928571428571
1 0.12946428571428573 0.14620535714285715 0.125 0.11383928571428571
1 0.8705357142857143 0.03794642857142857 0.08035714285714286 0.06696428571428571
1 0.78125 0.03459821428571429 0.08928571428571429 0.060267857142857144
3 0.5837053571428571 0.515625 0.05133928571428571 0.06696428571428571
