1 0.18091964285714288 0.6866428571428571 0.3439821428571429 0.23935714285714285
1 0.3450825892857142 0.6546607142857143 0.2973080357142857 0.2289642857142857
1 0.7155178571428572 0.6093950892857143 0.3328214285714286 0.21879017857142857
0 0.5719464285714285 0.6890625 0.26889285714285716 0.08348214285714285
2 0.9087924107142857 0.6497410714285714 0.18365625000000002 0.08519642857142858
0 0.9164955357142858 0.6318638392857142 0.1633482142857143 0.06729910714285714
1 0.18091964285714288 0.6866428571428571 0.3439821428571429 0.23935714285714285
1 0.3450825892857142 0.6546607142857143 0.2973080357142857 0.2289642857142857
1 0.7155178571428572 0.6093950892857143 0.3328214285714286 0.21879017857142857
0 0.5719464285714285 0.6890625 0.26889285714285716 0.08348214285714285
2 0.9087924107142857 0.6497410714285714 0.18365625000000002 0.08519642857142858
0 0.9164955357142858 0.6318638392857142 0.1633482142857143 0.06729910714285714
1 0.18091964285714288 0.6866428571428571 0.3439821428571429 0.23935714285714285
1 0.3450825892857142 0.6546607142857143 0.2973080357142857 0.2289642857142857
1 0.7155178571428572 0.6093950892857143 0.3328214285714286 0.21879017857142857
0 0.5719464285714285 0.6890625 0.26889285714285716 0.08348214285714285
2 0.9087924107142857 0.6497410714285714 0.18365625000000002 0.08519642857142858
0 0.9164955357142858 0.6318638392857142 0.1633482142857143 0.06729910714285714
1 0.18091964285714288 0.6866428571428571 0.3439821428571429 0.23935714285714285
1 0.3450825892857142 0.6546607142857143 0.2973080357142857 0.2289642857142857
1 0.7155178571428572 0.6093950892857143 0.3328214285714286 0.21879017857142857
0 0.5719464285714285 0.6890625 0.26889285714285716 0.08348214285714285
2 0.9087924107142857 0.6497410714285714 0.18365625000000002 0.08519642857142858
0 0.9164955357142858 0.6318638392857142 0.1633482142857143 0.06729910714285714
1 0.18091964285714288 0.6866428571428571 0.3439821428571429 0.23935714285714285
1 0.3450825892857142 0.6546607142857143 0.2973080357142857 0.2289642857142857
1 0.7155178571428572 0.6093950892857143 0.3328214285714286 0.21879017857142857
0 0.5719464285714285 0.6890625 0.26889285714285716 0.08348214285714285
2 0.9087924107142857 0.6497410714285714 0.18365625000000002 0.08519642857142858
0 0.9164955357142858 0.6318638392857142 0.1633482142857143 0.06729910714285714
