0 0.7724642857142856 0.6781696428571429 0.4556428571428571 0.10633928571428572
0 0.6962700892857142 0.6536674107142858 0.44611160714285714 0.09304910714285715
0 0.6033616071428571 0.6260424107142857 0.4299375 0.10029910714285714
0 0.5138727678571429 0.6045602678571429 0.40274553571428573 0.09304910714285715
0 0.43102901785714287 0.5857299107142857 0.39777232142857144 0.08217410714285714
1 0.347640625 0.5017522321428571 0.3917098214285714 0.17314732142857142
1 0.1939017857142857 0.45358258928571427 0.36994642857142856 0.2018080357142857
1 0.08023660714285714 0.3850803571428571 0.1604732142857143 0.118375
1 0.14054910714285715 0.215546875 0.16502678571428572 0.13645089285714287
0 0.05077678571428572 0.18390848214285715 0.10155357142857144 0.037459821428571426
0 0.7724642857142856 0.6781696428571429 0.4556428571428571 0.10633928571428572
0 0.6962700892857142 0.6536674107142858 0.44611160714285714 0.09304910714285715
0 0.6033616071428571 0.6260424107142857 0.4299375 0.10029910714285714
0 0.5138727678571429 0.6045602678571429 0.40274553571428573 0.09304910714285715
0 0.43102901785714287 0.5857299107142857 0.39777232142857144 0.08217410714285714
1 0.347640625 0.5017522321428571 0.3917098214285714 0.17314732142857142
1 0.1939017857142857 0.45358258928571427 0.36994642857142856 0.2018080357142857
1 0.08023660714285714 0.3850803571428571 0.1604732142857143 0.118375
1 0.14054910714285715 0.215546875 0.16502678571428572 0.13645089285714287
0 0.05077678571428572 0.18390848214285715 0.10155357142857144 0.037459821428571426
0 0.7724642857142856 0.6781696428571429 0.4556428571428571 0.10633928571428572
0 0.6962700892857142 0.6536674107142858 0.44611160714285714 0.09304910714285715
0 0.6033616071428571 0.6260424107142857 0.4299375 0.10029910714285714
0 0.5138727678571429 0.6045602678571429 0.40274553571428573 0.09304910714285715
0 0.43102901785714287 0.5857299107142857 0.39777232142857144 0.08217410714285714
1 0.347640625 0.5017522321428571 0.3917098214285714 0.17314732142857142
1 0.1939017857142857 0.45358258928571427 0.36994642857142856 0.2018080357142857
1 0.08023660714285714 0.3850803571428571 0.1604732142857143 0.118375
1 0.14054910714285715 0.215546875 0.16502678571428572 0.13645089285714287
0 0.05077678571428572 0.18390848214285715 0.10155357142857144 0.037459821428571426
0 0.7724642857142856 0.6781696428571429 0.4556428571428571 0.10633928571428572
0 0.6962700892857142 0.6536674107142858 0.44611160714285714 0.09304910714285715
0 0.6033616071428571 0.6260424107142857 0.4299375 0.10029910714285714
0 0.5138727678571429 0.6045602678571429 0.40274553571428573 0.09304910714285715
0 0.43102901785714287 0.5857299107142857 0.39777232142857144 0.08217410714285714
1 0.347640625 0.5017522321428571 0.3917098214285714 0.17314732142857142
1 0.1939017857142857 0.45358258928571427 0.36994642857142856 0.2018080357142857
1 0.08023660714285714 0.3850803571428571 0.1604732142857143 0.118375
1 0.14054910714285715 0.215546875 0.16502678571428572 0.13645089285714287
0 0.05077678571428572 0.18390848214285715 0.10155357142857144 0.037459821428571426
0 0.7724642857142856 0.6781696428571429 0.4556428571428571 0.10633928571428572
0 0.6962700892857142 0.6536674107142858 0.44611160714285714 0.09304910714285715
0 0.6033616071428571 0.6260424107142857 0.4299375 0.10029910714285714
0 0.5138727678571429 0.6045602678571429 0.40274553571428573 0.09304910714285715
0 0.43102901785714287 0.5857299107142857 0.39777232142857144 0.08217410714285714
1 0.347640625 0.5017522321428571 0.3917098214285714 0.17314732142857142
1 0.1939017857142857 0.45358258928571427 0.36994642857142856 0.2018080357142857
1 0.08023660714285714 0.3850803571428571 0.1604732142857143 0.118375
1 0.14054910714285715 0.215546875 0.16502678571428572 0.13645089285714287
0 0.05077678571428572 0.18390848214285715 0.10155357142857144 0.037459821428571426
