3 0.30691964285714285 0.3872767857142857 0.006696428571428571 0.006696428571428571
3 0.31138392857142855 0.38058035714285715 0.006696428571428571 0.011160714285714286
3 0.3247767857142857 0.38392857142857145 0.006696428571428571 0.008928571428571428
3 0.35267857142857145 0.38839285714285715 0.008928571428571428 0.008928571428571428
3 0.2857142857142857 0.37723214285714285 0.008928571428571428 0.013392857142857142
3 0.29464285714285715 0.37723214285714285 0.008928571428571428 0.013392857142857142
3 0.30245535714285715 0.375 0.006696428571428571 0.008928571428571428
3 0.22433035714285715 0.3482142857142857 0.011160714285714286 0.026785714285714284
3 0.17522321428571427 0.7377232142857143 0.011160714285714286 0.020089285714285716
3 0.625 0.42857142857142855 0.017857142857142856 0.044642857142857144
3 0.7377232142857143 0.43638392857142855 0.020089285714285716 0.060267857142857144
1 0.9386160714285714 0.5424107142857143 0.05580357142857143 0.05803571428571429
1 0.29910714285714285 0.7890625 0.08928571428571429 0.15848214285714285
2 0.6339285714285714 0.48325892857142855 0.03571428571428571 0.011160714285714286
2 0.6082589285714286 0.5066964285714286 0.046875 0.013392857142857142
2 0.6104910714285714 0.4921875 0.024553571428571428 0.011160714285714286
2 0.5814732142857143 0.5100446428571429 0.046875 0.011160714285714286
2 0.5513392857142857 0.5223214285714286 0.04017857142857143 0.008928571428571428
2 0.53125 0.5379464285714286 0.044642857142857144 0.013392857142857142
2 0.5133928571428571 0.5535714285714286 0.05357142857142857 0.017857142857142856
2 0.48549107142857145 0.5714285714285714 0.078125 0.017857142857142856
2 0.46986607142857145 0.5926339285714286 0.07366071428571429 0.024553571428571428
2 0.42410714285714285 0.6127232142857143 0.07142857142857142 0.020089285714285716
2 0.39620535714285715 0.6450892857142857 0.06919642857142858 0.03125
2 0.3482142857142857 0.6707589285714286 0.08928571428571429 0.03794642857142857
0 0.15959821428571427 0.9084821428571429 0.140625 0.06696428571428571
3 0.30691964285714285 0.3872767857142857 0.006696428571428571 0.006696428571428571
3 0.31138392857142855 0.38058035714285715 0.006696428571428571 0.011160714285714286
3 0.3247767857142857 0.38392857142857145 0.006696428571428571 0.008928571428571428
3 0.35267857142857145 0.38839285714285715 0.008928571428571428 0.008928571428571428
3 0.2857142857142857 0.37723214285714285 0.008928571428571428 0.013392857142857142
3 0.29464285714285715 0.37723214285714285 0.008928571428571428 0.013392857142857142
3 0.30245535714285715 0.375 0.006696428571428571 0.008928571428571428
3 0.22433035714285715 0.3482142857142857 0.011160714285714286 0.026785714285714284
3 0.17522321428571427 0.7377232142857143 0.011160714285714286 0.020089285714285716
3 0.625 0.42857142857142855 0.017857142857142856 0.044642857142857144
3 0.7377232142857143 0.43638392857142855 0.020089285714285716 0.060267857142857144
1 0.9386160714285714 0.5424107142857143 0.05580357142857143 0.05803571428571429
1 0.29910714285714285 0.7890625 0.08928571428571429 0.15848214285714285
2 0.6339285714285714 0.48325892857142855 0.03571428571428571 0.011160714285714286
2 0.6082589285714286 0.5066964285714286 0.046875 0.013392857142857142
2 0.6104910714285714 0.4921875 0.024553571428571428 0.011160714285714286
2 0.5814732142857143 0.5100446428571429 0.046875 0.011160714285714286
2 0.5513392857142857 0.5223214285714286 0.04017857142857143 0.008928571428571428
2 0.53125 0.5379464285714286 0.044642857142857144 0.013392857142857142
2 0.5133928571428571 0.5535714285714286 0.05357142857142857 0.017857142857142856
2 0.48549107142857145 0.5714285714285714 0.078125 0.017857142857142856
2 0.46986607142857145 0.5926339285714286 0.07366071428571429 0.024553571428571428
2 0.42410714285714285 0.6127232142857143 0.07142857142857142 0.020089285714285716
2 0.39620535714285715 0.6450892857142857 0.06919642857142858 0.03125
2 0.3482142857142857 0.6707589285714286 0.08928571428571429 0.03794642857142857
0 0.15959821428571427 0.9084821428571429 0.140625 0.06696428571428571
3 0.30691964285714285 0.3872767857142857 0.006696428571428571 0.006696428571428571
3 0.31138392857142855 0.38058035714285715 0.006696428571428571 0.011160714285714286
3 0.3247767857142857 0.38392857142857145 0.006696428571428571 0.008928571428571428
3 0.35267857142857145 0.38839285714285715 0.008928571428571428 0.008928571428571428
3 0.2857142857142857 0.37723214285714285 0.008928571428571428 0.013392857142857142
3 0.29464285714285715 0.37723214285714285 0.008928571428571428 0.013392857142857142
3 0.30245535714285715 0.375 0.006696428571428571 0.008928571428571428
3 0.22433035714285715 0.3482142857142857 0.011160714285714286 0.026785714285714284
3 0.17522321428571427 0.7377232142857143 0.011160714285714286 0.020089285714285716
3 0.625 0.42857142857142855 0.017857142857142856 0.044642857142857144
3 0.7377232142857143 0.43638392857142855 0.020089285714285716 0.060267857142857144
1 0.9386160714285714 0.5424107142857143 0.05580357142857143 0.05803571428571429
1 0.29910714285714285 0.7890625 0.08928571428571429 0.15848214285714285
2 0.6339285714285714 0.48325892857142855 0.03571428571428571 0.011160714285714286
2 0.6082589285714286 0.5066964285714286 0.046875 0.013392857142857142
2 0.6104910714285714 0.4921875 0.024553571428571428 0.011160714285714286
2 0.5814732142857143 0.5100446428571429 0.046875 0.011160714285714286
2 0.5513392857142857 0.5223214285714286 0.04017857142857143 0.008928571428571428
2 0.53125 0.5379464285714286 0.044642857142857144 0.013392857142857142
2 0.5133928571428571 0.5535714285714286 0.05357142857142857 0.017857142857142856
2 0.48549107142857145 0.5714285714285714 0.078125 0.017857142857142856
2 0.46986607142857145 0.5926339285714286 0.07366071428571429 0.024553571428571428
2 0.42410714285714285 0.6127232142857143 0.07142857142857142 0.020089285714285716
2 0.39620535714285715 0.6450892857142857 0.06919642857142858 0.03125
2 0.3482142857142857 0.6707589285714286 0.08928571428571429 0.03794642857142857
0 0.15959821428571427 0.9084821428571429 0.140625 0.06696428571428571
3 0.30691964285714285 0.3872767857142857 0.006696428571428571 0.006696428571428571
3 0.31138392857142855 0.38058035714285715 0.006696428571428571 0.011160714285714286
3 0.3247767857142857 0.38392857142857145 0.006696428571428571 0.008928571428571428
3 0.35267857142857145 0.38839285714285715 0.008928571428571428 0.008928571428571428
3 0.2857142857142857 0.37723214285714285 0.008928571428571428 0.013392857142857142
3 0.29464285714285715 0.37723214285714285 0.008928571428571428 0.013392857142857142
3 0.30245535714285715 0.375 0.006696428571428571 0.008928571428571428
3 0.22433035714285715 0.3482142857142857 0.011160714285714286 0.026785714285714284
3 0.17522321428571427 0.7377232142857143 0.011160714285714286 0.020089285714285716
3 0.625 0.42857142857142855 0.017857142857142856 0.044642857142857144
3 0.7377232142857143 0.43638392857142855 0.020089285714285716 0.060267857142857144
1 0.9386160714285714 0.5424107142857143 0.05580357142857143 0.05803571428571429
1 0.29910714285714285 0.7890625 0.08928571428571429 0.15848214285714285
2 0.6339285714285714 0.48325892857142855 0.03571428571428571 0.011160714285714286
2 0.6082589285714286 0.5066964285714286 0.046875 0.013392857142857142
2 0.6104910714285714 0.4921875 0.024553571428571428 0.011160714285714286
2 0.5814732142857143 0.5100446428571429 0.046875 0.011160714285714286
2 0.5513392857142857 0.5223214285714286 0.04017857142857143 0.008928571428571428
2 0.53125 0.5379464285714286 0.044642857142857144 0.013392857142857142
2 0.5133928571428571 0.5535714285714286 0.05357142857142857 0.017857142857142856
2 0.48549107142857145 0.5714285714285714 0.078125 0.017857142857142856
2 0.46986607142857145 0.5926339285714286 0.07366071428571429 0.024553571428571428
2 0.42410714285714285 0.6127232142857143 0.07142857142857142 0.020089285714285716
2 0.39620535714285715 0.6450892857142857 0.06919642857142858 0.03125
2 0.3482142857142857 0.6707589285714286 0.08928571428571429 0.03794642857142857
0 0.15959821428571427 0.9084821428571429 0.140625 0.06696428571428571
3 0.30691964285714285 0.3872767857142857 0.006696428571428571 0.006696428571428571
3 0.31138392857142855 0.38058035714285715 0.006696428571428571 0.011160714285714286
3 0.3247767857142857 0.38392857142857145 0.006696428571428571 0.008928571428571428
3 0.35267857142857145 0.38839285714285715 0.008928571428571428 0.008928571428571428
3 0.2857142857142857 0.37723214285714285 0.008928571428571428 0.013392857142857142
3 0.29464285714285715 0.37723214285714285 0.008928571428571428 0.013392857142857142
3 0.30245535714285715 0.375 0.006696428571428571 0.008928571428571428
3 0.22433035714285715 0.3482142857142857 0.011160714285714286 0.026785714285714284
3 0.17522321428571427 0.7377232142857143 0.011160714285714286 0.020089285714285716
3 0.625 0.42857142857142855 0.017857142857142856 0.044642857142857144
3 0.7377232142857143 0.43638392857142855 0.020089285714285716 0.060267857142857144
1 0.9386160714285714 0.5424107142857143 0.05580357142857143 0.05803571428571429
1 0.29910714285714285 0.7890625 0.08928571428571429 0.15848214285714285
2 0.6339285714285714 0.48325892857142855 0.03571428571428571 0.011160714285714286
2 0.6082589285714286 0.5066964285714286 0.046875 0.013392857142857142
2 0.6104910714285714 0.4921875 0.024553571428571428 0.011160714285714286
2 0.5814732142857143 0.5100446428571429 0.046875 0.011160714285714286
2 0.5513392857142857 0.5223214285714286 0.04017857142857143 0.008928571428571428
2 0.53125 0.5379464285714286 0.044642857142857144 0.013392857142857142
2 0.5133928571428571 0.5535714285714286 0.05357142857142857 0.017857142857142856
2 0.48549107142857145 0.5714285714285714 0.078125 0.017857142857142856
2 0.46986607142857145 0.5926339285714286 0.07366071428571429 0.024553571428571428
2 0.42410714285714285 0.6127232142857143 0.07142857142857142 0.020089285714285716
2 0.39620535714285715 0.6450892857142857 0.06919642857142858 0.03125
2 0.3482142857142857 0.6707589285714286 0.08928571428571429 0.03794642857142857
0 0.15959821428571427 0.9084821428571429 0.140625 0.06696428571428571
