1 0.14285714285714285 0.47544642857142855 0.09821428571428571 0.09375
1 0.28013392857142855 0.5 0.09598214285714286 0.08035714285714286
1 0.39285714285714285 0.4966517857142857 0.08928571428571429 0.10044642857142858
1 0.5457589285714286 0.5133928571428571 0.18080357142857142 0.11607142857142858
0 0.6581138392857142 0.5895290178571428 0.24479910714285716 0.036200892857142855
1 0.9754464285714286 0.5669642857142857 0.049107142857142856 0.15178571428571427
1 0.14285714285714285 0.47544642857142855 0.09821428571428571 0.09375
1 0.28013392857142855 0.5 0.09598214285714286 0.08035714285714286
1 0.39285714285714285 0.4966517857142857 0.08928571428571429 0.10044642857142858
1 0.5457589285714286 0.5133928571428571 0.18080357142857142 0.11607142857142858
0 0.6581138392857142 0.5895290178571428 0.24479910714285716 0.036200892857142855
1 0.9754464285714286 0.5669642857142857 0.049107142857142856 0.15178571428571427
1 0.14285714285714285 0.47544642857142855 0.09821428571428571 0.09375
1 0.28013392857142855 0.5 0.09598214285714286 0.08035714285714286
1 0.39285714285714285 0.4966517857142857 0.08928571428571429 0.10044642857142858
1 0.5457589285714286 0.5133928571428571 0.18080357142857142 0.11607142857142858
0 0.6581138392857142 0.5895290178571428 0.24479910714285716 0.036200892857142855
1 0.9754464285714286 0.5669642857142857 0.049107142857142856 0.15178571428571427
1 0.14285714285714285 0.47544642857142855 0.09821428571428571 0.09375
1 0.28013392857142855 0.5 0.09598214285714286 0.08035714285714286
1 0.39285714285714285 0.4966517857142857 0.08928571428571429 0.10044642857142858
1 0.5457589285714286 0.5133928571428571 0.18080357142857142 0.11607142857142858
0 0.6581138392857142 0.5895290178571428 0.24479910714285716 0.036200892857142855
1 0.9754464285714286 0.5669642857142857 0.049107142857142856 0.15178571428571427
1 0.14285714285714285 0.47544642857142855 0.09821428571428571 0.09375
1 0.28013392857142855 0.5 0.09598214285714286 0.08035714285714286
1 0.39285714285714285 0.4966517857142857 0.08928571428571429 0.10044642857142858
1 0.5457589285714286 0.5133928571428571 0.18080357142857142 0.11607142857142858
0 0.6581138392857142 0.5895290178571428 0.24479910714285716 0.036200892857142855
1 0.9754464285714286 0.5669642857142857 0.049107142857142856 0.15178571428571427
