1 0.07924107142857142 0.49888392857142855 0.14955357142857142 0.37276785714285715
1 0.37867633928571426 0.49632366071428574 0.3019955357142857 0.3676473214285714
0 0.6406696428571428 0.5368236607142858 0.308125 0.12721875
1 0.07924107142857142 0.49888392857142855 0.14955357142857142 0.37276785714285715
1 0.37867633928571426 0.49632366071428574 0.3019955357142857 0.3676473214285714
0 0.6406696428571428 0.5368236607142858 0.308125 0.12721875
1 0.07924107142857142 0.49888392857142855 0.14955357142857142 0.37276785714285715
1 0.37867633928571426 0.49632366071428574 0.3019955357142857 0.3676473214285714
0 0.6406696428571428 0.5368236607142858 0.308125 0.12721875
1 0.07924107142857142 0.49888392857142855 0.14955357142857142 0.37276785714285715
1 0.37867633928571426 0.49632366071428574 0.3019955357142857 0.3676473214285714
0 0.6406696428571428 0.5368236607142858 0.308125 0.12721875
1 0.07924107142857142 0.49888392857142855 0.14955357142857142 0.37276785714285715
1 0.37867633928571426 0.49632366071428574 0.3019955357142857 0.3676473214285714
0 0.6406696428571428 0.5368236607142858 0.308125 0.12721875
