1 0.45535714285714285 0.734375 0.08928571428571429 0.16517857142857142
2 0.5168147321428572 0.667296875 0.17648660714285716 0.08459375000000001
2 0.5329174107142858 0.6284866071428572 0.2086919642857143 0.06054464285714285
2 0.5566428571428571 0.5997254464285715 0.20257142857142857 0.04766517857142857
2 0.5903816964285714 0.5741830357142856 0.18969196428571428 0.04122321428571429
2 0.6196093749999999 0.5552075892857143 0.16779017857142858 0.030058035714285714
2 0.6421205357142857 0.5346049107142857 0.1413839285714286 0.033495535714285714
2 0.6607366071428571 0.5150290178571428 0.1339732142857143 0.030058035714285714
2 0.6846249999999999 0.5037388392857143 0.12817857142857142 0.02533482142857143
2 0.7111607142857144 0.48571205357142855 0.10982142857142858 0.033924107142857145
2 0.7364531249999999 0.4699129464285714 0.09790625 0.020183035714285712
2 0.7552321428571428 0.46033928571428573 0.09082142857142858 0.018892857142857145
3 0.7544642857142857 0.38950892857142855 0.017857142857142856 0.020089285714285716
3 0.43191964285714285 0.33370535714285715 0.006696428571428571 0.006696428571428571
3 0.42299107142857145 0.3392857142857143 0.006696428571428571 0.008928571428571428
3 0.42299107142857145 0.3560267857142857 0.006696428571428571 0.006696428571428571
3 0.43638392857142855 0.3560267857142857 0.006696428571428571 0.006696428571428571
3 0.4497767857142857 0.35714285714285715 0.006696428571428571 0.008928571428571428
3 0.46205357142857145 0.35825892857142855 0.004464285714285714 0.011160714285714286
3 0.4765625 0.36160714285714285 0.006696428571428571 0.008928571428571428
3 0.31026785714285715 0.3247767857142857 0.013392857142857142 0.033482142857142856
0 0.33219866071428567 0.8506004464285715 0.19118303571428572 0.12977232142857142
1 0.2734375 0.8928571428571429 0.14508928571428573 0.16071428571428573
1 0.45535714285714285 0.734375 0.08928571428571429 0.16517857142857142
2 0.5168147321428572 0.667296875 0.17648660714285716 0.08459375000000001
2 0.5329174107142858 0.6284866071428572 0.2086919642857143 0.06054464285714285
2 0.5566428571428571 0.5997254464285715 0.20257142857142857 0.04766517857142857
2 0.5903816964285714 0.5741830357142856 0.18969196428571428 0.04122321428571429
2 0.6196093749999999 0.5552075892857143 0.16779017857142858 0.030058035714285714
2 0.6421205357142857 0.5346049107142857 0.1413839285714286 0.033495535714285714
2 0.6607366071428571 0.5150290178571428 0.1339732142857143 0.030058035714285714
2 0.6846249999999999 0.5037388392857143 0.12817857142857142 0.02533482142857143
2 0.7111607142857144 0.48571205357142855 0.10982142857142858 0.033924107142857145
2 0.7364531249999999 0.4699129464285714 0.09790625 0.020183035714285712
2 0.7552321428571428 0.46033928571428573 0.09082142857142858 0.018892857142857145
3 0.7544642857142857 0.38950892857142855 0.017857142857142856 0.020089285714285716
3 0.43191964285714285 0.33370535714285715 0.006696428571428571 0.006696428571428571
3 0.42299107142857145 0.3392857142857143 0.006696428571428571 0.008928571428571428
3 0.42299107142857145 0.3560267857142857 0.006696428571428571 0.006696428571428571
3 0.43638392857142855 0.3560267857142857 0.006696428571428571 0.006696428571428571
3 0.4497767857142857 0.35714285714285715 0.006696428571428571 0.008928571428571428
3 0.46205357142857145 0.35825892857142855 0.004464285714285714 0.011160714285714286
3 0.4765625 0.36160714285714285 0.006696428571428571 0.008928571428571428
3 0.31026785714285715 0.3247767857142857 0.013392857142857142 0.033482142857142856
0 0.33219866071428567 0.8506004464285715 0.19118303571428572 0.12977232142857142
1 0.2734375 0.8928571428571429 0.14508928571428573 0.16071428571428573
1 0.45535714285714285 0.734375 0.08928571428571429 0.16517857142857142
2 0.5168147321428572 0.667296875 0.17648660714285716 0.08459375000000001
2 0.5329174107142858 0.6284866071428572 0.2086919642857143 0.06054464285714285
2 0.5566428571428571 0.5997254464285715 0.20257142857142857 0.04766517857142857
2 0.5903816964285714 0.5741830357142856 0.18969196428571428 0.04122321428571429
2 0.6196093749999999 0.5552075892857143 0.16779017857142858 0.030058035714285714
2 0.6421205357142857 0.5346049107142857 0.1413839285714286 0.033495535714285714
2 0.6607366071428571 0.5150290178571428 0.1339732142857143 0.030058035714285714
2 0.6846249999999999 0.5037388392857143 0.12817857142857142 0.02533482142857143
2 0.7111607142857144 0.48571205357142855 0.10982142857142858 0.033924107142857145
2 0.7364531249999999 0.4699129464285714 0.09790625 0.020183035714285712
2 0.7552321428571428 0.46033928571428573 0.09082142857142858 0.018892857142857145
3 0.7544642857142857 0.38950892857142855 0.017857142857142856 0.020089285714285716
3 0.43191964285714285 0.33370535714285715 0.006696428571428571 0.006696428571428571
3 0.42299107142857145 0.3392857142857143 0.006696428571428571 0.008928571428571428
3 0.42299107142857145 0.3560267857142857 0.006696428571428571 0.006696428571428571
3 0.43638392857142855 0.3560267857142857 0.006696428571428571 0.006696428571428571
3 0.4497767857142857 0.35714285714285715 0.006696428571428571 0.008928571428571428
3 0.46205357142857145 0.35825892857142855 0.004464285714285714 0.011160714285714286
3 0.4765625 0.36160714285714285 0.006696428571428571 0.008928571428571428
3 0.31026785714285715 0.3247767857142857 0.013392857142857142 0.033482142857142856
0 0.33219866071428567 0.8506004464285715 0.19118303571428572 0.12977232142857142
1 0.2734375 0.8928571428571429 0.14508928571428573 0.16071428571428573
1 0.45535714285714285 0.734375 0.08928571428571429 0.16517857142857142
2 0.5168147321428572 0.667296875 0.17648660714285716 0.08459375000000001
2 0.5329174107142858 0.6284866071428572 0.2086919642857143 0.06054464285714285
2 0.5566428571428571 0.5997254464285715 0.20257142857142857 0.04766517857142857
2 0.5903816964285714 0.5741830357142856 0.18969196428571428 0.04122321428571429
2 0.6196093749999999 0.5552075892857143 0.16779017857142858 0.030058035714285714
2 0.6421205357142857 0.5346049107142857 0.1413839285714286 0.033495535714285714
2 0.6607366071428571 0.5150290178571428 0.1339732142857143 0.030058035714285714
2 0.6846249999999999 0.5037388392857143 0.12817857142857142 0.02533482142857143
2 0.7111607142857144 0.48571205357142855 0.10982142857142858 0.033924107142857145
2 0.7364531249999999 0.4699129464285714 0.09790625 0.020183035714285712
2 0.7552321428571428 0.46033928571428573 0.09082142857142858 0.018892857142857145
3 0.7544642857142857 0.38950892857142855 0.017857142857142856 0.020089285714285716
3 0.43191964285714285 0.33370535714285715 0.006696428571428571 0.006696428571428571
3 0.42299107142857145 0.3392857142857143 0.006696428571428571 0.008928571428571428
3 0.42299107142857145 0.3560267857142857 0.006696428571428571 0.006696428571428571
3 0.43638392857142855 0.3560267857142857 0.006696428571428571 0.006696428571428571
3 0.4497767857142857 0.35714285714285715 0.006696428571428571 0.008928571428571428
3 0.46205357142857145 0.35825892857142855 0.004464285714285714 0.011160714285714286
3 0.4765625 0.36160714285714285 0.006696428571428571 0.008928571428571428
3 0.31026785714285715 0.3247767857142857 0.013392857142857142 0.033482142857142856
0 0.33219866071428567 0.8506004464285715 0.19118303571428572 0.12977232142857142
1 0.2734375 0.8928571428571429 0.14508928571428573 0.16071428571428573
1 0.45535714285714285 0.734375 0.08928571428571429 0.16517857142857142
2 0.5168147321428572 0.667296875 0.17648660714285716 0.08459375000000001
2 0.5329174107142858 0.6284866071428572 0.2086919642857143 0.06054464285714285
2 0.5566428571428571 0.5997254464285715 0.20257142857142857 0.04766517857142857
2 0.5903816964285714 0.5741830357142856 0.18969196428571428 0.04122321428571429
2 0.6196093749999999 0.5552075892857143 0.16779017857142858 0.030058035714285714
2 0.6421205357142857 0.5346049107142857 0.1413839285714286 0.033495535714285714
2 0.6607366071428571 0.5150290178571428 0.1339732142857143 0.030058035714285714
2 0.6846249999999999 0.5037388392857143 0.12817857142857142 0.02533482142857143
2 0.7111607142857144 0.48571205357142855 0.10982142857142858 0.033924107142857145
2 0.7364531249999999 0.4699129464285714 0.09790625 0.020183035714285712
2 0.7552321428571428 0.46033928571428573 0.09082142857142858 0.018892857142857145
3 0.7544642857142857 0.38950892857142855 0.017857142857142856 0.020089285714285716
3 0.43191964285714285 0.33370535714285715 0.006696428571428571 0.006696428571428571
3 0.42299107142857145 0.3392857142857143 0.006696428571428571 0.008928571428571428
3 0.42299107142857145 0.3560267857142857 0.006696428571428571 0.006696428571428571
3 0.43638392857142855 0.3560267857142857 0.006696428571428571 0.006696428571428571
3 0.4497767857142857 0.35714285714285715 0.006696428571428571 0.008928571428571428
3 0.46205357142857145 0.35825892857142855 0.004464285714285714 0.011160714285714286
3 0.4765625 0.36160714285714285 0.006696428571428571 0.008928571428571428
3 0.31026785714285715 0.3247767857142857 0.013392857142857142 0.033482142857142856
0 0.33219866071428567 0.8506004464285715 0.19118303571428572 0.12977232142857142
1 0.2734375 0.8928571428571429 0.14508928571428573 0.16071428571428573
