0 0.11987053571428571 0.6605825892857142 0.23974107142857143 0.08009374999999999
0 0.24257142857142858 0.6314910714285714 0.27085714285714285 0.06655357142857142
0 0.36247544642857144 0.6148861607142857 0.26959375 0.060129464285714286
0 0.48282366071428573 0.6030290178571428 0.26921875 0.05427232142857143
0 0.5897700892857143 0.5895089285714287 0.2598973214285714 0.05401785714285714
0 0.6911428571428572 0.5731919642857143 0.2572857142857143 0.048169642857142855
0 0.7936361607142857 0.5591116071428571 0.2569151785714286 0.046794642857142854
0 0.8752767857142858 0.5496875 0.241625 0.04580357142857143
0 0.9230959821428572 0.5377745535714286 0.14976339285714285 0.03983482142857143
1 0.8968325892857143 0.7137410714285713 0.19545089285714284 0.17748214285714287
1 0.8807544642857142 0.6749196428571428 0.2347232142857143 0.1623392857142857
1 0.9466741071428572 0.7665022321428572 0.10763392857142857 0.17586160714285715
0 0.11987053571428571 0.6605825892857142 0.23974107142857143 0.08009374999999999
0 0.24257142857142858 0.6314910714285714 0.27085714285714285 0.06655357142857142
0 0.36247544642857144 0.6148861607142857 0.26959375 0.060129464285714286
0 0.48282366071428573 0.6030290178571428 0.26921875 0.05427232142857143
0 0.5897700892857143 0.5895089285714287 0.2598973214285714 0.05401785714285714
0 0.6911428571428572 0.5731919642857143 0.2572857142857143 0.048169642857142855
0 0.7936361607142857 0.5591116071428571 0.2569151785714286 0.046794642857142854
0 0.8752767857142858 0.5496875 0.241625 0.04580357142857143
0 0.9230959821428572 0.5377745535714286 0.14976339285714285 0.03983482142857143
1 0.8968325892857143 0.7137410714285713 0.19545089285714284 0.17748214285714287
1 0.8807544642857142 0.6749196428571428 0.2347232142857143 0.1623392857142857
1 0.9466741071428572 0.7665022321428572 0.10763392857142857 0.17586160714285715
0 0.11987053571428571 0.6605825892857142 0.23974107142857143 0.08009374999999999
0 0.24257142857142858 0.6314910714285714 0.27085714285714285 0.06655357142857142
0 0.36247544642857144 0.6148861607142857 0.26959375 0.060129464285714286
0 0.48282366071428573 0.6030290178571428 0.26921875 0.05427232142857143
0 0.5897700892857143 0.5895089285714287 0.2598973214285714 0.05401785714285714
0 0.6911428571428572 0.5731919642857143 0.2572857142857143 0.048169642857142855
0 0.7936361607142857 0.5591116071428571 0.2569151785714286 0.046794642857142854
0 0.8752767857142858 0.5496875 0.241625 0.04580357142857143
0 0.9230959821428572 0.5377745535714286 0.14976339285714285 0.03983482142857143
1 0.8968325892857143 0.7137410714285713 0.19545089285714284 0.17748214285714287
1 0.8807544642857142 0.6749196428571428 0.2347232142857143 0.1623392857142857
1 0.9466741071428572 0.7665022321428572 0.10763392857142857 0.17586160714285715
0 0.11987053571428571 0.6605825892857142 0.23974107142857143 0.08009374999999999
0 0.24257142857142858 0.6314910714285714 0.27085714285714285 0.06655357142857142
0 0.36247544642857144 0.6148861607142857 0.26959375 0.060129464285714286
0 0.48282366071428573 0.6030290178571428 0.26921875 0.05427232142857143
0 0.5897700892857143 0.5895089285714287 0.2598973214285714 0.05401785714285714
0 0.6911428571428572 0.5731919642857143 0.2572857142857143 0.048169642857142855
0 0.7936361607142857 0.5591116071428571 0.2569151785714286 0.046794642857142854
0 0.8752767857142858 0.5496875 0.241625 0.04580357142857143
0 0.9230959821428572 0.5377745535714286 0.14976339285714285 0.03983482142857143
1 0.8968325892857143 0.7137410714285713 0.19545089285714284 0.17748214285714287
1 0.8807544642857142 0.6749196428571428 0.2347232142857143 0.1623392857142857
1 0.9466741071428572 0.7665022321428572 0.10763392857142857 0.17586160714285715
0 0.11987053571428571 0.6605825892857142 0.23974107142857143 0.08009374999999999
0 0.24257142857142858 0.6314910714285714 0.27085714285714285 0.06655357142857142
0 0.36247544642857144 0.6148861607142857 0.26959375 0.060129464285714286
0 0.48282366071428573 0.6030290178571428 0.26921875 0.05427232142857143
0 0.5897700892857143 0.5895089285714287 0.2598973214285714 0.05401785714285714
0 0.6911428571428572 0.5731919642857143 0.2572857142857143 0.048169642857142855
0 0.7936361607142857 0.5591116071428571 0.2569151785714286 0.046794642857142854
0 0.8752767857142858 0.5496875 0.241625 0.04580357142857143
0 0.9230959821428572 0.5377745535714286 0.14976339285714285 0.03983482142857143
1 0.8968325892857143 0.7137410714285713 0.19545089285714284 0.17748214285714287
1 0.8807544642857142 0.6749196428571428 0.2347232142857143 0.1623392857142857
1 0.9466741071428572 0.7665022321428572 0.10763392857142857 0.17586160714285715
