0 0.27429017857142857 0.7230892857142858 0.5307232142857143 0.5265357142857143
0 0.7618660714285715 0.7287767857142857 0.4523035714285714 0.511125
1 0.07539732142857143 0.4535982142857143 0.15079464285714286 0.3625535714285714
1 0.34151785714285715 0.2734375 0.10267857142857142 0.08258928571428571
1 0.46205357142857145 0.27566964285714285 0.09375 0.08705357142857142
1 0.5792410714285714 0.27455357142857145 0.10491071428571429 0.09375
1 0.7042410714285714 0.29017857142857145 0.11383928571428571 0.08928571428571429
1 0.8303571428571429 0.26785714285714285 0.11607142857142858 0.08928571428571429
1 0.9497767857142857 0.2779017857142857 0.09598214285714286 0.09151785714285714
0 0.27429017857142857 0.7230892857142858 0.5307232142857143 0.5265357142857143
0 0.7618660714285715 0.7287767857142857 0.4523035714285714 0.511125
1 0.07539732142857143 0.4535982142857143 0.15079464285714286 0.3625535714285714
1 0.34151785714285715 0.2734375 0.10267857142857142 0.08258928571428571
1 0.46205357142857145 0.27566964285714285 0.09375 0.08705357142857142
1 0.5792410714285714 0.27455357142857145 0.10491071428571429 0.09375
1 0.7042410714285714 0.29017857142857145 0.11383928571428571 0.08928571428571429
1 0.8303571428571429 0.26785714285714285 0.11607142857142858 0.08928571428571429
1 0.9497767857142857 0.2779017857142857 0.09598214285714286 0.09151785714285714
0 0.27429017857142857 0.7230892857142858 0.5307232142857143 0.5265357142857143
0 0.7618660714285715 0.7287767857142857 0.4523035714285714 0.511125
1 0.07539732142857143 0.4535982142857143 0.15079464285714286 0.3625535714285714
1 0.34151785714285715 0.2734375 0.10267857142857142 0.08258928571428571
1 0.46205357142857145 0.27566964285714285 0.09375 0.08705357142857142
1 0.5792410714285714 0.27455357142857145 0.10491071428571429 0.09375
1 0.7042410714285714 0.29017857142857145 0.11383928571428571 0.08928571428571429
1 0.8303571428571429 0.26785714285714285 0.11607142857142858 0.08928571428571429
1 0.9497767857142857 0.2779017857142857 0.09598214285714286 0.09151785714285714
0 0.27429017857142857 0.7230892857142858 0.5307232142857143 0.5265357142857143
0 0.7618660714285715 0.7287767857142857 0.4523035714285714 0.511125
1 0.07539732142857143 0.4535982142857143 0.15079464285714286 0.3625535714285714
1 0.34151785714285715 0.2734375 0.10267857142857142 0.08258928571428571
1 0.46205357142857145 0.27566964285714285 0.09375 0.08705357142857142
1 0.5792410714285714 0.27455357142857145 0.10491071428571429 0.09375
1 0.7042410714285714 0.29017857142857145 0.11383928571428571 0.08928571428571429
1 0.8303571428571429 0.26785714285714285 0.11607142857142858 0.08928571428571429
1 0.9497767857142857 0.2779017857142857 0.09598214285714286 0.09151785714285714
0 0.27429017857142857 0.7230892857142858 0.5307232142857143 0.5265357142857143
0 0.7618660714285715 0.7287767857142857 0.4523035714285714 0.511125
1 0.07539732142857143 0.4535982142857143 0.15079464285714286 0.3625535714285714
1 0.34151785714285715 0.2734375 0.10267857142857142 0.08258928571428571
1 0.46205357142857145 0.27566964285714285 0.09375 0.08705357142857142
1 0.5792410714285714 0.27455357142857145 0.10491071428571429 0.09375
1 0.7042410714285714 0.29017857142857145 0.11383928571428571 0.08928571428571429
1 0.8303571428571429 0.26785714285714285 0.11607142857142858 0.08928571428571429
1 0.9497767857142857 0.2779017857142857 0.09598214285714286 0.09151785714285714
