1 0.6071428571428571 0.39955357142857145 0.0625 0.049107142857142856
1 0.6361607142857143 0.36495535714285715 0.05803571428571429 0.05133928571428571
0 0.6599888392857143 0.37102455357142855 0.03426339285714285 0.036691964285714286
1 0.7064732142857143 0.6205357142857143 0.06473214285714286 0.08928571428571429
1 0.7354910714285714 0.5479910714285714 0.060267857142857144 0.06919642857142858
1 0.7645089285714286 0.5033482142857143 0.05580357142857143 0.06919642857142858
1 0.8069196428571429 0.4564732142857143 0.06919642857142858 0.07366071428571429
1 0.8214285714285714 0.41517857142857145 0.044642857142857144 0.05357142857142857
1 0.8515625 0.37611607142857145 0.060267857142857144 0.06473214285714286
1 0.8783482142857143 0.3549107142857143 0.04241071428571429 0.06696428571428571
1 0.8962053571428571 0.32589285714285715 0.04241071428571429 0.044642857142857144
1 0.6372767857142857 0.6852678571428571 0.10491071428571429 0.09375
1 0.5758928571428571 0.7790178571428571 0.09821428571428571 0.09375
1 0.49776785714285715 0.8839285714285714 0.11160714285714286 0.07142857142857142
1 0.044642857142857144 0.23772321428571427 0.05357142857142857 0.05580357142857143
1 0.4140625 0.28683035714285715 0.05133928571428571 0.05580357142857143
1 0.3638392857142857 0.2924107142857143 0.05803571428571429 0.06696428571428571
1 0.31473214285714285 0.32254464285714285 0.049107142857142856 0.05580357142857143
1 0.2622767857142857 0.3549107142857143 0.06919642857142858 0.06696428571428571
1 0.20089285714285715 0.375 0.07142857142857142 0.07142857142857142
1 0.13727678571428573 0.4029017857142857 0.08705357142857142 0.09151785714285714
1 0.06808035714285714 0.45089285714285715 0.08258928571428571 0.08928571428571429
1 0.5669642857142857 0.42745535714285715 0.08035714285714286 0.060267857142857144
1 0.5178571428571429 0.48549107142857145 0.0625 0.06919642857142858
1 0.4453125 0.5323660714285714 0.09598214285714286 0.09151785714285714
1 0.3783482142857143 0.59375 0.10491071428571429 0.09821428571428571
1 0.30580357142857145 0.6573660714285714 0.09375 0.12723214285714285
1 0.23214285714285715 0.7421875 0.09821428571428571 0.06473214285714286
1 0.13950892857142858 0.8526785714285714 0.109375 0.14285714285714285
1 0.7064732142857143 0.32589285714285715 0.05580357142857143 0.0625
1 0.234375 0.27120535714285715 0.05803571428571429 0.05133928571428571
1 0.296875 0.24330357142857142 0.06696428571428571 0.05803571428571429
1 0.6071428571428571 0.39955357142857145 0.0625 0.049107142857142856
1 0.6361607142857143 0.36495535714285715 0.05803571428571429 0.05133928571428571
0 0.6599888392857143 0.37102455357142855 0.03426339285714285 0.036691964285714286
1 0.7064732142857143 0.6205357142857143 0.06473214285714286 0.08928571428571429
1 0.7354910714285714 0.5479910714285714 0.060267857142857144 0.06919642857142858
1 0.7645089285714286 0.5033482142857143 0.05580357142857143 0.06919642857142858
1 0.8069196428571429 0.4564732142857143 0.06919642857142858 0.07366071428571429
1 0.8214285714285714 0.41517857142857145 0.044642857142857144 0.05357142857142857
1 0.8515625 0.37611607142857145 0.060267857142857144 0.06473214285714286
1 0.8783482142857143 0.3549107142857143 0.04241071428571429 0.06696428571428571
1 0.8962053571428571 0.32589285714285715 0.04241071428571429 0.044642857142857144
1 0.6372767857142857 0.6852678571428571 0.10491071428571429 0.09375
1 0.5758928571428571 0.7790178571428571 0.09821428571428571 0.09375
1 0.49776785714285715 0.8839285714285714 0.11160714285714286 0.07142857142857142
1 0.044642857142857144 0.23772321428571427 0.05357142857142857 0.05580357142857143
1 0.4140625 0.28683035714285715 0.05133928571428571 0.05580357142857143
1 0.3638392857142857 0.2924107142857143 0.05803571428571429 0.06696428571428571
1 0.31473214285714285 0.32254464285714285 0.049107142857142856 0.05580357142857143
1 0.2622767857142857 0.3549107142857143 0.06919642857142858 0.06696428571428571
1 0.20089285714285715 0.375 0.07142857142857142 0.07142857142857142
1 0.13727678571428573 0.4029017857142857 0.08705357142857142 0.09151785714285714
1 0.06808035714285714 0.45089285714285715 0.08258928571428571 0.08928571428571429
1 0.5669642857142857 0.42745535714285715 0.08035714285714286 0.060267857142857144
1 0.5178571428571429 0.48549107142857145 0.0625 0.06919642857142858
1 0.4453125 0.5323660714285714 0.09598214285714286 0.09151785714285714
1 0.3783482142857143 0.59375 0.10491071428571429 0.09821428571428571
1 0.30580357142857145 0.6573660714285714 0.09375 0.12723214285714285
1 0.23214285714285715 0.7421875 0.09821428571428571 0.06473214285714286
1 0.13950892857142858 0.8526785714285714 0.109375 0.14285714285714285
1 0.7064732142857143 0.32589285714285715 0.05580357142857143 0.0625
1 0.234375 0.27120535714285715 0.05803571428571429 0.05133928571428571
1 0.296875 0.24330357142857142 0.06696428571428571 0.05803571428571429
1 0.6071428571428571 0.39955357142857145 0.0625 0.049107142857142856
1 0.6361607142857143 0.36495535714285715 0.05803571428571429 0.05133928571428571
0 0.6599888392857143 0.37102455357142855 0.03426339285714285 0.036691964285714286
1 0.7064732142857143 0.6205357142857143 0.06473214285714286 0.08928571428571429
1 0.7354910714285714 0.5479910714285714 0.060267857142857144 0.06919642857142858
1 0.7645089285714286 0.5033482142857143 0.05580357142857143 0.06919642857142858
1 0.8069196428571429 0.4564732142857143 0.06919642857142858 0.07366071428571429
1 0.8214285714285714 0.41517857142857145 0.044642857142857144 0.05357142857142857
1 0.8515625 0.37611607142857145 0.060267857142857144 0.06473214285714286
1 0.8783482142857143 0.3549107142857143 0.04241071428571429 0.06696428571428571
1 0.8962053571428571 0.32589285714285715 0.04241071428571429 0.044642857142857144
1 0.6372767857142857 0.6852678571428571 0.10491071428571429 0.09375
1 0.5758928571428571 0.7790178571428571 0.09821428571428571 0.09375
1 0.49776785714285715 0.8839285714285714 0.11160714285714286 0.07142857142857142
1 0.044642857142857144 0.23772321428571427 0.05357142857142857 0.05580357142857143
1 0.4140625 0.28683035714285715 0.05133928571428571 0.05580357142857143
1 0.3638392857142857 0.2924107142857143 0.05803571428571429 0.06696428571428571
1 0.31473214285714285 0.32254464285714285 0.049107142857142856 0.05580357142857143
1 0.2622767857142857 0.3549107142857143 0.06919642857142858 0.06696428571428571
1 0.20089285714285715 0.375 0.07142857142857142 0.07142857142857142
1 0.13727678571428573 0.4029017857142857 0.08705357142857142 0.09151785714285714
1 0.06808035714285714 0.45089285714285715 0.08258928571428571 0.08928571428571429
1 0.5669642857142857 0.42745535714285715 0.08035714285714286 0.060267857142857144
1 0.5178571428571429 0.48549107142857145 0.0625 0.06919642857142858
1 0.4453125 0.5323660714285714 0.09598214285714286 0.09151785714285714
1 0.3783482142857143 0.59375 0.10491071428571429 0.09821428571428571
1 0.30580357142857145 0.6573660714285714 0.09375 0.12723214285714285
1 0.23214285714285715 0.7421875 0.09821428571428571 0.06473214285714286
1 0.13950892857142858 0.8526785714285714 0.109375 0.14285714285714285
1 0.7064732142857143 0.32589285714285715 0.05580357142857143 0.0625
1 0.234375 0.27120535714285715 0.05803571428571429 0.05133928571428571
1 0.296875 0.24330357142857142 0.06696428571428571 0.05803571428571429
1 0.6071428571428571 0.39955357142857145 0.0625 0.049107142857142856
1 0.6361607142857143 0.36495535714285715 0.05803571428571429 0.05133928571428571
0 0.6599888392857143 0.37102455357142855 0.03426339285714285 0.036691964285714286
1 0.7064732142857143 0.6205357142857143 0.06473214285714286 0.08928571428571429
1 0.7354910714285714 0.5479910714285714 0.060267857142857144 0.06919642857142858
1 0.7645089285714286 0.5033482142857143 0.05580357142857143 0.06919642857142858
1 0.8069196428571429 0.4564732142857143 0.06919642857142858 0.07366071428571429
1 0.8214285714285714 0.41517857142857145 0.044642857142857144 0.05357142857142857
1 0.8515625 0.37611607142857145 0.060267857142857144 0.06473214285714286
1 0.8783482142857143 0.3549107142857143 0.04241071428571429 0.06696428571428571
1 0.8962053571428571 0.32589285714285715 0.04241071428571429 0.044642857142857144
1 0.6372767857142857 0.6852678571428571 0.10491071428571429 0.09375
1 0.5758928571428571 0.7790178571428571 0.09821428571428571 0.09375
1 0.49776785714285715 0.8839285714285714 0.11160714285714286 0.07142857142857142
1 0.044642857142857144 0.23772321428571427 0.05357142857142857 0.05580357142857143
1 0.4140625 0.28683035714285715 0.05133928571428571 0.05580357142857143
1 0.3638392857142857 0.2924107142857143 0.05803571428571429 0.06696428571428571
1 0.31473214285714285 0.32254464285714285 0.049107142857142856 0.05580357142857143
1 0.2622767857142857 0.3549107142857143 0.06919642857142858 0.06696428571428571
1 0.20089285714285715 0.375 0.07142857142857142 0.07142857142857142
1 0.13727678571428573 0.4029017857142857 0.08705357142857142 0.09151785714285714
1 0.06808035714285714 0.45089285714285715 0.08258928571428571 0.08928571428571429
1 0.5669642857142857 0.42745535714285715 0.08035714285714286 0.060267857142857144
1 0.5178571428571429 0.48549107142857145 0.0625 0.06919642857142858
1 0.4453125 0.5323660714285714 0.09598214285714286 0.09151785714285714
1 0.3783482142857143 0.59375 0.10491071428571429 0.09821428571428571
1 0.30580357142857145 0.6573660714285714 0.09375 0.12723214285714285
1 0.23214285714285715 0.7421875 0.09821428571428571 0.06473214285714286
1 0.13950892857142858 0.8526785714285714 0.109375 0.14285714285714285
1 0.7064732142857143 0.32589285714285715 0.05580357142857143 0.0625
1 0.234375 0.27120535714285715 0.05803571428571429 0.05133928571428571
1 0.296875 0.24330357142857142 0.06696428571428571 0.05803571428571429
1 0.6071428571428571 0.39955357142857145 0.0625 0.049107142857142856
1 0.6361607142857143 0.36495535714285715 0.05803571428571429 0.05133928571428571
0 0.6599888392857143 0.37102455357142855 0.03426339285714285 0.036691964285714286
1 0.7064732142857143 0.6205357142857143 0.06473214285714286 0.08928571428571429
1 0.7354910714285714 0.5479910714285714 0.060267857142857144 0.06919642857142858
1 0.7645089285714286 0.5033482142857143 0.05580357142857143 0.06919642857142858
1 0.8069196428571429 0.4564732142857143 0.06919642857142858 0.07366071428571429
1 0.8214285714285714 0.41517857142857145 0.044642857142857144 0.05357142857142857
1 0.8515625 0.37611607142857145 0.060267857142857144 0.06473214285714286
1 0.8783482142857143 0.3549107142857143 0.04241071428571429 0.06696428571428571
1 0.8962053571428571 0.32589285714285715 0.04241071428571429 0.044642857142857144
1 0.6372767857142857 0.6852678571428571 0.10491071428571429 0.09375
1 0.5758928571428571 0.7790178571428571 0.09821428571428571 0.09375
1 0.49776785714285715 0.8839285714285714 0.11160714285714286 0.07142857142857142
1 0.044642857142857144 0.23772321428571427 0.05357142857142857 0.05580357142857143
1 0.4140625 0.28683035714285715 0.05133928571428571 0.05580357142857143
1 0.3638392857142857 0.2924107142857143 0.05803571428571429 0.06696428571428571
1 0.31473214285714285 0.32254464285714285 0.049107142857142856 0.05580357142857143
1 0.2622767857142857 0.3549107142857143 0.06919642857142858 0.06696428571428571
1 0.20089285714285715 0.375 0.07142857142857142 0.07142857142857142
1 0.13727678571428573 0.4029017857142857 0.08705357142857142 0.09151785714285714
1 0.06808035714285714 0.45089285714285715 0.08258928571428571 0.08928571428571429
1 0.5669642857142857 0.42745535714285715 0.08035714285714286 0.060267857142857144
1 0.5178571428571429 0.48549107142857145 0.0625 0.06919642857142858
1 0.4453125 0.5323660714285714 0.09598214285714286 0.09151785714285714
1 0.3783482142857143 0.59375 0.10491071428571429 0.09821428571428571
1 0.30580357142857145 0.6573660714285714 0.09375 0.12723214285714285
1 0.23214285714285715 0.7421875 0.09821428571428571 0.06473214285714286
1 0.13950892857142858 0.8526785714285714 0.109375 0.14285714285714285
1 0.7064732142857143 0.32589285714285715 0.05580357142857143 0.0625
1 0.234375 0.27120535714285715 0.05803571428571429 0.05133928571428571
1 0.296875 0.24330357142857142 0.06696428571428571 0.05803571428571429
