1 0.4419642857142857 0.5066964285714286 0.07142857142857142 0.11160714285714286
3 0.3687254464285714 0.5392455357142857 0.03209375 0.07849107142857144
0 0.5374955357142858 0.52328125 0.09284821428571428 0.0465625
1 0.6038370535714286 0.48150223214285715 0.1273169642857143 0.10586160714285715
1 0.6899375 0.4749241071428571 0.11201785714285714 0.09270535714285713
1 0.7571897321428571 0.4703950892857143 0.09473660714285714 0.06579017857142858
1 0.18581919642857142 0.439359375 0.05020982142857143 0.06621875
1 0.25604464285714285 0.44011830357142856 0.0745892857142857 0.06773660714285715
1 0.3163794642857143 0.4283683035714286 0.06133035714285714 0.07102232142857143
1 0.38338392857142856 0.4265 0.05248214285714286 0.05835714285714285
3 0.3502120535714286 0.4249486607142857 0.012924107142857143 0.04632589285714286
1 0.44426339285714284 0.4225669642857143 0.06709821428571429 0.06834821428571429
1 0.4419642857142857 0.5066964285714286 0.07142857142857142 0.11160714285714286
3 0.3687254464285714 0.5392455357142857 0.03209375 0.07849107142857144
0 0.5374955357142858 0.52328125 0.09284821428571428 0.0465625
1 0.6038370535714286 0.48150223214285715 0.1273169642857143 0.10586160714285715
1 0.6899375 0.4749241071428571 0.11201785714285714 0.09270535714285713
1 0.7571897321428571 0.4703950892857143 0.09473660714285714 0.06579017857142858
1 0.18581919642857142 0.439359375 0.05020982142857143 0.06621875
1 0.25604464285714285 0.44011830357142856 0.0745892857142857 0.06773660714285715
1 0.3163794642857143 0.4283683035714286 0.06133035714285714 0.07102232142857143
1 0.38338392857142856 0.4265 0.05248214285714286 0.05835714285714285
3 0.3502120535714286 0.4249486607142857 0.012924107142857143 0.04632589285714286
1 0.44426339285714284 0.4225669642857143 0.06709821428571429 0.06834821428571429
1 0.4419642857142857 0.5066964285714286 0.07142857142857142 0.11160714285714286
3 0.3687254464285714 0.5392455357142857 0.03209375 0.07849107142857144
0 0.5374955357142858 0.52328125 0.09284821428571428 0.0465625
1 0.6038370535714286 0.48150223214285715 0.1273169642857143 0.10586160714285715
1 0.6899375 0.4749241071428571 0.11201785714285714 0.09270535714285713
1 0.7571897321428571 0.4703950892857143 0.09473660714285714 0.06579017857142858
1 0.18581919642857142 0.439359375 0.05020982142857143 0.06621875
1 0.25604464285714285 0.44011830357142856 0.0745892857142857 0.06773660714285715
1 0.3163794642857143 0.4283683035714286 0.06133035714285714 0.07102232142857143
1 0.38338392857142856 0.4265 0.05248214285714286 0.05835714285714285
3 0.3502120535714286 0.4249486607142857 0.012924107142857143 0.04632589285714286
1 0.44426339285714284 0.4225669642857143 0.06709821428571429 0.06834821428571429
1 0.4419642857142857 0.5066964285714286 0.07142857142857142 0.11160714285714286
3 0.3687254464285714 0.5392455357142857 0.03209375 0.07849107142857144
0 0.5374955357142858 0.52328125 0.09284821428571428 0.0465625
1 0.6038370535714286 0.48150223214285715 0.1273169642857143 0.10586160714285715
1 0.6899375 0.4749241071428571 0.11201785714285714 0.09270535714285713
1 0.7571897321428571 0.4703950892857143 0.09473660714285714 0.06579017857142858
1 0.18581919642857142 0.439359375 0.05020982142857143 0.06621875
1 0.25604464285714285 0.44011830357142856 0.0745892857142857 0.06773660714285715
1 0.3163794642857143 0.4283683035714286 0.06133035714285714 0.07102232142857143
1 0.38338392857142856 0.4265 0.05248214285714286 0.05835714285714285
3 0.3502120535714286 0.4249486607142857 0.012924107142857143 0.04632589285714286
1 0.44426339285714284 0.4225669642857143 0.06709821428571429 0.06834821428571429
1 0.4419642857142857 0.5066964285714286 0.07142857142857142 0.11160714285714286
3 0.3687254464285714 0.5392455357142857 0.03209375 0.07849107142857144
0 0.5374955357142858 0.52328125 0.09284821428571428 0.0465625
1 0.6038370535714286 0.48150223214285715 0.1273169642857143 0.10586160714285715
1 0.6899375 0.4749241071428571 0.11201785714285714 0.09270535714285713
1 0.7571897321428571 0.4703950892857143 0.09473660714285714 0.06579017857142858
1 0.18581919642857142 0.439359375 0.05020982142857143 0.06621875
1 0.25604464285714285 0.44011830357142856 0.0745892857142857 0.06773660714285715
1 0.3163794642857143 0.4283683035714286 0.06133035714285714 0.07102232142857143
1 0.38338392857142856 0.4265 0.05248214285714286 0.05835714285714285
3 0.3502120535714286 0.4249486607142857 0.012924107142857143 0.04632589285714286
1 0.44426339285714284 0.4225669642857143 0.06709821428571429 0.06834821428571429
