0 0.7472723214285715 0.7088638392857144 0.5034732142857143 0.41772767857142856
0 0.2573995535714286 0.6804308035714285 0.5058705357142858 0.39657589285714284
1 0.18763392857142858 0.5902433035714285 0.37526785714285715 0.39477232142857144
1 0.8471138392857143 0.5784977678571429 0.30137053571428574 0.41592410714285716
0 0.7472723214285715 0.7088638392857144 0.5034732142857143 0.41772767857142856
0 0.2573995535714286 0.6804308035714285 0.5058705357142858 0.39657589285714284
1 0.18763392857142858 0.5902433035714285 0.37526785714285715 0.39477232142857144
1 0.8471138392857143 0.5784977678571429 0.30137053571428574 0.41592410714285716
0 0.7472723214285715 0.7088638392857144 0.5034732142857143 0.41772767857142856
0 0.2573995535714286 0.6804308035714285 0.5058705357142858 0.39657589285714284
1 0.18763392857142858 0.5902433035714285 0.37526785714285715 0.39477232142857144
1 0.8471138392857143 0.5784977678571429 0.30137053571428574 0.41592410714285716
0 0.7472723214285715 0.7088638392857144 0.5034732142857143 0.41772767857142856
0 0.2573995535714286 0.6804308035714285 0.5058705357142858 0.39657589285714284
1 0.18763392857142858 0.5902433035714285 0.37526785714285715 0.39477232142857144
1 0.8471138392857143 0.5784977678571429 0.30137053571428574 0.41592410714285716
0 0.7472723214285715 0.7088638392857144 0.5034732142857143 0.41772767857142856
0 0.2573995535714286 0.6804308035714285 0.5058705357142858 0.39657589285714284
1 0.18763392857142858 0.5902433035714285 0.37526785714285715 0.39477232142857144
1 0.8471138392857143 0.5784977678571429 0.30137053571428574 0.41592410714285716
