1 0.7567142857142857 0.5557321428571429 0.1562857142857143 0.18289285714285716
1 0.6126607142857142 0.543578125 0.1360357142857143 0.1764419642857143
1 0.4877075892857143 0.5582723214285714 0.1629151785714286 0.1611875
1 0.3661138392857143 0.5655669642857143 0.15187053571428571 0.1400625
1 0.13328125 0.567984375 0.1772767857142857 0.15382589285714285
1 0.06320982142857143 0.5745915178571429 0.12641964285714286 0.14025446428571428
0 0.890484375 0.5779642857142857 0.16489732142857141 0.10235714285714285
1 0.7567142857142857 0.5557321428571429 0.1562857142857143 0.18289285714285716
1 0.6126607142857142 0.543578125 0.1360357142857143 0.1764419642857143
1 0.4877075892857143 0.5582723214285714 0.1629151785714286 0.1611875
1 0.3661138392857143 0.5655669642857143 0.15187053571428571 0.1400625
1 0.13328125 0.567984375 0.1772767857142857 0.15382589285714285
1 0.06320982142857143 0.5745915178571429 0.12641964285714286 0.14025446428571428
0 0.890484375 0.5779642857142857 0.16489732142857141 0.10235714285714285
1 0.7567142857142857 0.5557321428571429 0.1562857142857143 0.18289285714285716
1 0.6126607142857142 0.543578125 0.1360357142857143 0.1764419642857143
1 0.4877075892857143 0.5582723214285714 0.1629151785714286 0.1611875
1 0.3661138392857143 0.5655669642857143 0.15187053571428571 0.1400625
1 0.13328125 0.567984375 0.1772767857142857 0.15382589285714285
1 0.06320982142857143 0.5745915178571429 0.12641964285714286 0.14025446428571428
0 0.890484375 0.5779642857142857 0.16489732142857141 0.10235714285714285
1 0.7567142857142857 0.5557321428571429 0.1562857142857143 0.18289285714285716
1 0.6126607142857142 0.543578125 0.1360357142857143 0.1764419642857143
1 0.4877075892857143 0.5582723214285714 0.1629151785714286 0.1611875
1 0.3661138392857143 0.5655669642857143 0.15187053571428571 0.1400625
1 0.13328125 0.567984375 0.1772767857142857 0.15382589285714285
1 0.06320982142857143 0.5745915178571429 0.12641964285714286 0.14025446428571428
0 0.890484375 0.5779642857142857 0.16489732142857141 0.10235714285714285
1 0.7567142857142857 0.5557321428571429 0.1562857142857143 0.18289285714285716
1 0.6126607142857142 0.543578125 0.1360357142857143 0.1764419642857143
1 0.4877075892857143 0.5582723214285714 0.1629151785714286 0.1611875
1 0.3661138392857143 0.5655669642857143 0.15187053571428571 0.1400625
1 0.13328125 0.567984375 0.1772767857142857 0.15382589285714285
1 0.06320982142857143 0.5745915178571429 0.12641964285714286 0.14025446428571428
0 0.890484375 0.5779642857142857 0.16489732142857141 0.10235714285714285
