1 0.15066964285714285 0.5167410714285714 0.22098214285714285 0.265625
0 0.453125 0.6238839285714286 0.32589285714285715 0.15848214285714285
1 0.7421875 0.5066964285714286 0.2611607142857143 0.23660714285714285
1 0.37388392857142855 0.4140625 0.17633928571428573 0.13169642857142858
1 0.5390625 0.4296875 0.09598214285714286 0.12723214285714285
1 0.9508928571428571 0.5256696428571429 0.09821428571428571 0.203125
1 0.15066964285714285 0.5167410714285714 0.22098214285714285 0.265625
0 0.453125 0.6238839285714286 0.32589285714285715 0.15848214285714285
1 0.7421875 0.5066964285714286 0.2611607142857143 0.23660714285714285
1 0.37388392857142855 0.4140625 0.17633928571428573 0.13169642857142858
1 0.5390625 0.4296875 0.09598214285714286 0.12723214285714285
1 0.9508928571428571 0.5256696428571429 0.09821428571428571 0.203125
1 0.15066964285714285 0.5167410714285714 0.22098214285714285 0.265625
0 0.453125 0.6238839285714286 0.32589285714285715 0.15848214285714285
1 0.7421875 0.5066964285714286 0.2611607142857143 0.23660714285714285
1 0.37388392857142855 0.4140625 0.17633928571428573 0.13169642857142858
1 0.5390625 0.4296875 0.09598214285714286 0.12723214285714285
1 0.9508928571428571 0.5256696428571429 0.09821428571428571 0.203125
1 0.15066964285714285 0.5167410714285714 0.22098214285714285 0.265625
0 0.453125 0.6238839285714286 0.32589285714285715 0.15848214285714285
1 0.7421875 0.5066964285714286 0.2611607142857143 0.23660714285714285
1 0.37388392857142855 0.4140625 0.17633928571428573 0.13169642857142858
1 0.5390625 0.4296875 0.09598214285714286 0.12723214285714285
1 0.9508928571428571 0.5256696428571429 0.09821428571428571 0.203125
1 0.15066964285714285 0.5167410714285714 0.22098214285714285 0.265625
0 0.453125 0.6238839285714286 0.32589285714285715 0.15848214285714285
1 0.7421875 0.5066964285714286 0.2611607142857143 0.23660714285714285
1 0.37388392857142855 0.4140625 0.17633928571428573 0.13169642857142858
1 0.5390625 0.4296875 0.09598214285714286 0.12723214285714285
1 0.9508928571428571 0.5256696428571429 0.09821428571428571 0.203125
