1 0.5493794642857143 0.7272008928571428 0.2326875 0.46333035714285714
1 0.32946875000000003 0.740640625 0.24822321428571428 0.45449553571428575
1 0.15246875 0.7726160714285715 0.3049375 0.41130357142857144
0 0.7026941964285714 0.7342366071428571 0.21788839285714287 0.4149017857142857
0 0.8040379464285714 0.6245691964285714 0.17057589285714286 0.22235267857142857
1 0.23289508928571429 0.21612499999999998 0.1265044642857143 0.05725
0 0.26508035714285716 0.19223437499999999 0.10158928571428572 0.01839732142857143
0 0.2735803571428571 0.17751339285714285 0.10073214285714285 0.015741071428571427
0 0.28364285714285714 0.16383482142857142 0.09407142857142857 0.015169642857142857
0 0.29741964285714284 0.15290401785714286 0.08591071428571428 0.01116517857142857
0 0.3073772321428571 0.14325892857142858 0.07904017857142856 0.009732142857142858
0 0.315015625 0.13404464285714285 0.07645982142857143 0.009160714285714286
0 0.3215982142857143 0.12902901785714285 0.07176785714285715 0.008058035714285714
1 0.1398325892857143 0.31027901785714285 0.21716517857142859 0.09377232142857142
0 0.21043526785714287 0.2973950892857143 0.09944196428571428 0.041218750000000005
1 0.20764285714285716 0.23839062500000002 0.15635714285714286 0.07499553571428572
0 0.2860513392857143 0.21091071428571428 0.04531696428571429 0.02003571428571429
1 0.33408035714285716 0.10900223214285713 0.06994642857142856 0.030504464285714288
1 0.4931986607142857 0.15954464285714284 0.06675446428571429 0.06016071428571429
1 0.5372611607142858 0.16804910714285715 0.06559374999999999 0.0593125
1 0.5842232142857142 0.17217410714285714 0.06130357142857142 0.0675625
1 0.6306584821428572 0.17612276785714287 0.06488839285714286 0.06653125
1 0.6842433035714286 0.17359151785714286 0.055986607142857144 0.07039732142857143
1 0.7393950892857143 0.17784375000000002 0.05914732142857143 0.06997321428571428
1 0.798828125 0.18716294642857143 0.06194196428571429 0.07968303571428571
1 0.8654754464285714 0.19209374999999998 0.07023660714285715 0.0716875
1 0.10455133928571428 0.3637522321428572 0.20910267857142856 0.10250446428571428
1 0.09404241071428572 0.42843749999999997 0.18808482142857144 0.12473214285714286
1 0.5493794642857143 0.7272008928571428 0.2326875 0.46333035714285714
1 0.32946875000000003 0.740640625 0.24822321428571428 0.45449553571428575
1 0.15246875 0.7726160714285715 0.3049375 0.41130357142857144
0 0.7026941964285714 0.7342366071428571 0.21788839285714287 0.4149017857142857
0 0.8040379464285714 0.6245691964285714 0.17057589285714286 0.22235267857142857
1 0.23289508928571429 0.21612499999999998 0.1265044642857143 0.05725
0 0.26508035714285716 0.19223437499999999 0.10158928571428572 0.01839732142857143
0 0.2735803571428571 0.17751339285714285 0.10073214285714285 0.015741071428571427
0 0.28364285714285714 0.16383482142857142 0.09407142857142857 0.015169642857142857
0 0.29741964285714284 0.15290401785714286 0.08591071428571428 0.01116517857142857
0 0.3073772321428571 0.14325892857142858 0.07904017857142856 0.009732142857142858
0 0.315015625 0.13404464285714285 0.07645982142857143 0.009160714285714286
0 0.3215982142857143 0.12902901785714285 0.07176785714285715 0.008058035714285714
1 0.1398325892857143 0.31027901785714285 0.21716517857142859 0.09377232142857142
0 0.21043526785714287 0.2973950892857143 0.09944196428571428 0.041218750000000005
1 0.20764285714285716 0.23839062500000002 0.15635714285714286 0.07499553571428572
0 0.2860513392857143 0.21091071428571428 0.04531696428571429 0.02003571428571429
1 0.33408035714285716 0.10900223214285713 0.06994642857142856 0.030504464285714288
1 0.4931986607142857 0.15954464285714284 0.06675446428571429 0.06016071428571429
1 0.5372611607142858 0.16804910714285715 0.06559374999999999 0.0593125
1 0.5842232142857142 0.17217410714285714 0.06130357142857142 0.0675625
1 0.6306584821428572 0.17612276785714287 0.06488839285714286 0.06653125
1 0.6842433035714286 0.17359151785714286 0.055986607142857144 0.07039732142857143
1 0.7393950892857143 0.17784375000000002 0.05914732142857143 0.06997321428571428
1 0.798828125 0.18716294642857143 0.06194196428571429 0.07968303571428571
1 0.8654754464285714 0.19209374999999998 0.07023660714285715 0.0716875
1 0.10455133928571428 0.3637522321428572 0.20910267857142856 0.10250446428571428
1 0.09404241071428572 0.42843749999999997 0.18808482142857144 0.12473214285714286
1 0.5493794642857143 0.7272008928571428 0.2326875 0.46333035714285714
1 0.32946875000000003 0.740640625 0.24822321428571428 0.45449553571428575
1 0.15246875 0.7726160714285715 0.3049375 0.41130357142857144
0 0.7026941964285714 0.7342366071428571 0.21788839285714287 0.4149017857142857
0 0.8040379464285714 0.6245691964285714 0.17057589285714286 0.22235267857142857
1 0.23289508928571429 0.21612499999999998 0.1265044642857143 0.05725
0 0.26508035714285716 0.19223437499999999 0.10158928571428572 0.01839732142857143
0 0.2735803571428571 0.17751339285714285 0.10073214285714285 0.015741071428571427
0 0.28364285714285714 0.16383482142857142 0.09407142857142857 0.015169642857142857
0 0.29741964285714284 0.15290401785714286 0.08591071428571428 0.01116517857142857
0 0.3073772321428571 0.14325892857142858 0.07904017857142856 0.009732142857142858
0 0.315015625 0.13404464285714285 0.07645982142857143 0.009160714285714286
0 0.3215982142857143 0.12902901785714285 0.07176785714285715 0.008058035714285714
1 0.1398325892857143 0.31027901785714285 0.21716517857142859 0.09377232142857142
0 0.21043526785714287 0.2973950892857143 0.09944196428571428 0.041218750000000005
1 0.20764285714285716 0.23839062500000002 0.15635714285714286 0.07499553571428572
0 0.2860513392857143 0.21091071428571428 0.04531696428571429 0.02003571428571429
1 0.33408035714285716 0.10900223214285713 0.06994642857142856 0.030504464285714288
1 0.4931986607142857 0.15954464285714284 0.06675446428571429 0.06016071428571429
1 0.5372611607142858 0.16804910714285715 0.06559374999999999 0.0593125
1 0.5842232142857142 0.17217410714285714 0.06130357142857142 0.0675625
1 0.6306584821428572 0.17612276785714287 0.06488839285714286 0.06653125
1 0.6842433035714286 0.17359151785714286 0.055986607142857144 0.07039732142857143
1 0.7393950892857143 0.17784375000000002 0.05914732142857143 0.06997321428571428
1 0.798828125 0.18716294642857143 0.06194196428571429 0.07968303571428571
1 0.8654754464285714 0.19209374999999998 0.07023660714285715 0.0716875
1 0.10455133928571428 0.3637522321428572 0.20910267857142856 0.10250446428571428
1 0.09404241071428572 0.42843749999999997 0.18808482142857144 0.12473214285714286
1 0.5493794642857143 0.7272008928571428 0.2326875 0.46333035714285714
1 0.32946875000000003 0.740640625 0.24822321428571428 0.45449553571428575
1 0.15246875 0.7726160714285715 0.3049375 0.41130357142857144
0 0.7026941964285714 0.7342366071428571 0.21788839285714287 0.4149017857142857
0 0.8040379464285714 0.6245691964285714 0.17057589285714286 0.22235267857142857
1 0.23289508928571429 0.21612499999999998 0.1265044642857143 0.05725
0 0.26508035714285716 0.19223437499999999 0.10158928571428572 0.01839732142857143
0 0.2735803571428571 0.17751339285714285 0.10073214285714285 0.015741071428571427
0 0.28364285714285714 0.16383482142857142 0.09407142857142857 0.015169642857142857
0 0.29741964285714284 0.15290401785714286 0.08591071428571428 0.01116517857142857
0 0.3073772321428571 0.14325892857142858 0.07904017857142856 0.009732142857142858
0 0.315015625 0.13404464285714285 0.07645982142857143 0.009160714285714286
0 0.3215982142857143 0.12902901785714285 0.07176785714285715 0.008058035714285714
1 0.1398325892857143 0.31027901785714285 0.21716517857142859 0.09377232142857142
0 0.21043526785714287 0.2973950892857143 0.09944196428571428 0.041218750000000005
1 0.20764285714285716 0.23839062500000002 0.15635714285714286 0.07499553571428572
0 0.2860513392857143 0.21091071428571428 0.04531696428571429 0.02003571428571429
1 0.33408035714285716 0.10900223214285713 0.06994642857142856 0.030504464285714288
1 0.4931986607142857 0.15954464285714284 0.06675446428571429 0.06016071428571429
1 0.5372611607142858 0.16804910714285715 0.06559374999999999 0.0593125
1 0.5842232142857142 0.17217410714285714 0.06130357142857142 0.0675625
1 0.6306584821428572 0.17612276785714287 0.06488839285714286 0.06653125
1 0.6842433035714286 0.17359151785714286 0.055986607142857144 0.07039732142857143
1 0.7393950892857143 0.17784375000000002 0.05914732142857143 0.06997321428571428
1 0.798828125 0.18716294642857143 0.06194196428571429 0.07968303571428571
1 0.8654754464285714 0.19209374999999998 0.07023660714285715 0.0716875
1 0.10455133928571428 0.3637522321428572 0.20910267857142856 0.10250446428571428
1 0.09404241071428572 0.42843749999999997 0.18808482142857144 0.12473214285714286
1 0.5493794642857143 0.7272008928571428 0.2326875 0.46333035714285714
1 0.32946875000000003 0.740640625 0.24822321428571428 0.45449553571428575
1 0.15246875 0.7726160714285715 0.3049375 0.41130357142857144
0 0.7026941964285714 0.7342366071428571 0.21788839285714287 0.4149017857142857
0 0.8040379464285714 0.6245691964285714 0.17057589285714286 0.22235267857142857
1 0.23289508928571429 0.21612499999999998 0.1265044642857143 0.05725
0 0.26508035714285716 0.19223437499999999 0.10158928571428572 0.01839732142857143
0 0.2735803571428571 0.17751339285714285 0.10073214285714285 0.015741071428571427
0 0.28364285714285714 0.16383482142857142 0.09407142857142857 0.015169642857142857
0 0.29741964285714284 0.15290401785714286 0.08591071428571428 0.01116517857142857
0 0.3073772321428571 0.14325892857142858 0.07904017857142856 0.009732142857142858
0 0.315015625 0.13404464285714285 0.07645982142857143 0.009160714285714286
0 0.3215982142857143 0.12902901785714285 0.07176785714285715 0.008058035714285714
1 0.1398325892857143 0.31027901785714285 0.21716517857142859 0.09377232142857142
0 0.21043526785714287 0.2973950892857143 0.09944196428571428 0.041218750000000005
1 0.20764285714285716 0.23839062500000002 0.15635714285714286 0.07499553571428572
0 0.2860513392857143 0.21091071428571428 0.04531696428571429 0.02003571428571429
1 0.33408035714285716 0.10900223214285713 0.06994642857142856 0.030504464285714288
1 0.4931986607142857 0.15954464285714284 0.06675446428571429 0.06016071428571429
1 0.5372611607142858 0.16804910714285715 0.06559374999999999 0.0593125
1 0.5842232142857142 0.17217410714285714 0.06130357142857142 0.0675625
1 0.6306584821428572 0.17612276785714287 0.06488839285714286 0.06653125
1 0.6842433035714286 0.17359151785714286 0.055986607142857144 0.07039732142857143
1 0.7393950892857143 0.17784375000000002 0.05914732142857143 0.06997321428571428
1 0.798828125 0.18716294642857143 0.06194196428571429 0.07968303571428571
1 0.8654754464285714 0.19209374999999998 0.07023660714285715 0.0716875
1 0.10455133928571428 0.3637522321428572 0.20910267857142856 0.10250446428571428
1 0.09404241071428572 0.42843749999999997 0.18808482142857144 0.12473214285714286
