1 0.7477075892857143 0.8129419642857142 0.19184375 0.26874107142857145
1 0.5243973214285714 0.7954129464285715 0.28986607142857146 0.24261160714285715
1 0.2761450892857143 0.7854151785714285 0.32907589285714284 0.2494017857142857
1 0.8943950892857143 0.5874397321428572 0.13700446428571428 0.12130803571428571
1 0.48737946428571427 0.5943727678571429 0.18904464285714284 0.15303125
1 0.271109375 0.5710446428571428 0.14936160714285715 0.106375
1 0.14161830357142857 0.58796875 0.15823660714285714 0.10450892857142857
1 0.09045089285714285 0.7881049107142858 0.1809017857142857 0.2190669642857143
2 0.31424107142857144 0.4904129464285715 0.110625 0.052254464285714286
0 0.7360535714285714 0.6323549107142857 0.18639285714285717 0.05935267857142857
0 0.6121160714285715 0.6370022321428571 0.1706607142857143 0.05971875
0 0.35040848214285714 0.6228772321428571 0.16510267857142855 0.06718303571428572
1 0.7477075892857143 0.8129419642857142 0.19184375 0.26874107142857145
1 0.5243973214285714 0.7954129464285715 0.28986607142857146 0.24261160714285715
1 0.2761450892857143 0.7854151785714285 0.32907589285714284 0.2494017857142857
1 0.8943950892857143 0.5874397321428572 0.13700446428571428 0.12130803571428571
1 0.48737946428571427 0.5943727678571429 0.18904464285714284 0.15303125
1 0.271109375 0.5710446428571428 0.14936160714285715 0.106375
1 0.14161830357142857 0.58796875 0.15823660714285714 0.10450892857142857
1 0.09045089285714285 0.7881049107142858 0.1809017857142857 0.2190669642857143
2 0.31424107142857144 0.4904129464285715 0.110625 0.052254464285714286
0 0.7360535714285714 0.6323549107142857 0.18639285714285717 0.05935267857142857
0 0.6121160714285715 0.6370022321428571 0.1706607142857143 0.05971875
0 0.35040848214285714 0.6228772321428571 0.16510267857142855 0.06718303571428572
1 0.7477075892857143 0.8129419642857142 0.19184375 0.26874107142857145
1 0.5243973214285714 0.7954129464285715 0.28986607142857146 0.24261160714285715
1 0.2761450892857143 0.7854151785714285 0.32907589285714284 0.2494017857142857
1 0.8943950892857143 0.5874397321428572 0.13700446428571428 0.12130803571428571
1 0.48737946428571427 0.5943727678571429 0.18904464285714284 0.15303125
1 0.271109375 0.5710446428571428 0.14936160714285715 0.106375
1 0.14161830357142857 0.58796875 0.15823660714285714 0.10450892857142857
1 0.09045089285714285 0.7881049107142858 0.1809017857142857 0.2190669642857143
2 0.31424107142857144 0.4904129464285715 0.110625 0.052254464285714286
0 0.7360535714285714 0.6323549107142857 0.18639285714285717 0.05935267857142857
0 0.6121160714285715 0.6370022321428571 0.1706607142857143 0.05971875
0 0.35040848214285714 0.6228772321428571 0.16510267857142855 0.06718303571428572
1 0.7477075892857143 0.8129419642857142 0.19184375 0.26874107142857145
1 0.5243973214285714 0.7954129464285715 0.28986607142857146 0.24261160714285715
1 0.2761450892857143 0.7854151785714285 0.32907589285714284 0.2494017857142857
1 0.8943950892857143 0.5874397321428572 0.13700446428571428 0.12130803571428571
1 0.48737946428571427 0.5943727678571429 0.18904464285714284 0.15303125
1 0.271109375 0.5710446428571428 0.14936160714285715 0.106375
1 0.14161830357142857 0.58796875 0.15823660714285714 0.10450892857142857
1 0.09045089285714285 0.7881049107142858 0.1809017857142857 0.2190669642857143
2 0.31424107142857144 0.4904129464285715 0.110625 0.052254464285714286
0 0.7360535714285714 0.6323549107142857 0.18639285714285717 0.05935267857142857
0 0.6121160714285715 0.6370022321428571 0.1706607142857143 0.05971875
0 0.35040848214285714 0.6228772321428571 0.16510267857142855 0.06718303571428572
1 0.7477075892857143 0.8129419642857142 0.19184375 0.26874107142857145
1 0.5243973214285714 0.7954129464285715 0.28986607142857146 0.24261160714285715
1 0.2761450892857143 0.7854151785714285 0.32907589285714284 0.2494017857142857
1 0.8943950892857143 0.5874397321428572 0.13700446428571428 0.12130803571428571
1 0.48737946428571427 0.5943727678571429 0.18904464285714284 0.15303125
1 0.271109375 0.5710446428571428 0.14936160714285715 0.106375
1 0.14161830357142857 0.58796875 0.15823660714285714 0.10450892857142857
1 0.09045089285714285 0.7881049107142858 0.1809017857142857 0.2190669642857143
2 0.31424107142857144 0.4904129464285715 0.110625 0.052254464285714286
0 0.7360535714285714 0.6323549107142857 0.18639285714285717 0.05935267857142857
0 0.6121160714285715 0.6370022321428571 0.1706607142857143 0.05971875
0 0.35040848214285714 0.6228772321428571 0.16510267857142855 0.06718303571428572
