0 0.7794151785714286 0.9554441964285714 0.4249017857142857 0.08053125000000001
1 0.7006428571428572 0.6784799107142857 0.5352142857142858 0.27660267857142856
1 0.7365803571428572 0.7139776785714285 0.5267321428571429 0.2940267857142857
1 0.7490647321428572 0.7603995535714285 0.4981294642857143 0.2618705357142857
1 0.770859375 0.8096383928571429 0.4613616071428571 0.2621339285714286
1 0.5575178571428572 0.5912946428571428 0.47217857142857145 0.271875
1 0.44354464285714285 0.5448772321428571 0.4406607142857143 0.25046874999999996
1 0.46939285714285717 0.5718482142857143 0.3852142857142857 0.24191071428571428
1 0.24681696428571429 0.4842544642857143 0.3507767857142857 0.18279464285714284
1 0.28299107142857144 0.5185892857142858 0.24455357142857143 0.18896428571428572
1 0.16756919642857143 0.4436026785714286 0.33513839285714286 0.17291964285714287
0 0.7794151785714286 0.9554441964285714 0.4249017857142857 0.08053125000000001
1 0.7006428571428572 0.6784799107142857 0.5352142857142858 0.27660267857142856
1 0.7365803571428572 0.7139776785714285 0.5267321428571429 0.2940267857142857
1 0.7490647321428572 0.7603995535714285 0.4981294642857143 0.2618705357142857
1 0.770859375 0.8096383928571429 0.4613616071428571 0.2621339285714286
1 0.5575178571428572 0.5912946428571428 0.47217857142857145 0.271875
1 0.44354464285714285 0.5448772321428571 0.4406607142857143 0.25046874999999996
1 0.46939285714285717 0.5718482142857143 0.3852142857142857 0.24191071428571428
1 0.24681696428571429 0.4842544642857143 0.3507767857142857 0.18279464285714284
1 0.28299107142857144 0.5185892857142858 0.24455357142857143 0.18896428571428572
1 0.16756919642857143 0.4436026785714286 0.33513839285714286 0.17291964285714287
0 0.7794151785714286 0.9554441964285714 0.4249017857142857 0.08053125000000001
1 0.7006428571428572 0.6784799107142857 0.5352142857142858 0.27660267857142856
1 0.7365803571428572 0.7139776785714285 0.5267321428571429 0.2940267857142857
1 0.7490647321428572 0.7603995535714285 0.4981294642857143 0.2618705357142857
1 0.770859375 0.8096383928571429 0.4613616071428571 0.2621339285714286
1 0.5575178571428572 0.5912946428571428 0.47217857142857145 0.271875
1 0.44354464285714285 0.5448772321428571 0.4406607142857143 0.25046874999999996
1 0.46939285714285717 0.5718482142857143 0.3852142857142857 0.24191071428571428
1 0.24681696428571429 0.4842544642857143 0.3507767857142857 0.18279464285714284
1 0.28299107142857144 0.5185892857142858 0.24455357142857143 0.18896428571428572
1 0.16756919642857143 0.4436026785714286 0.33513839285714286 0.17291964285714287
0 0.7794151785714286 0.9554441964285714 0.4249017857142857 0.08053125000000001
1 0.7006428571428572 0.6784799107142857 0.5352142857142858 0.27660267857142856
1 0.7365803571428572 0.7139776785714285 0.5267321428571429 0.2940267857142857
1 0.7490647321428572 0.7603995535714285 0.4981294642857143 0.2618705357142857
1 0.770859375 0.8096383928571429 0.4613616071428571 0.2621339285714286
1 0.5575178571428572 0.5912946428571428 0.47217857142857145 0.271875
1 0.44354464285714285 0.5448772321428571 0.4406607142857143 0.25046874999999996
1 0.46939285714285717 0.5718482142857143 0.3852142857142857 0.24191071428571428
1 0.24681696428571429 0.4842544642857143 0.3507767857142857 0.18279464285714284
1 0.28299107142857144 0.5185892857142858 0.24455357142857143 0.18896428571428572
1 0.16756919642857143 0.4436026785714286 0.33513839285714286 0.17291964285714287
0 0.7794151785714286 0.9554441964285714 0.4249017857142857 0.08053125000000001
1 0.7006428571428572 0.6784799107142857 0.5352142857142858 0.27660267857142856
1 0.7365803571428572 0.7139776785714285 0.5267321428571429 0.2940267857142857
1 0.7490647321428572 0.7603995535714285 0.4981294642857143 0.2618705357142857
1 0.770859375 0.8096383928571429 0.4613616071428571 0.2621339285714286
1 0.5575178571428572 0.5912946428571428 0.47217857142857145 0.271875
1 0.44354464285714285 0.5448772321428571 0.4406607142857143 0.25046874999999996
1 0.46939285714285717 0.5718482142857143 0.3852142857142857 0.24191071428571428
1 0.24681696428571429 0.4842544642857143 0.3507767857142857 0.18279464285714284
1 0.28299107142857144 0.5185892857142858 0.24455357142857143 0.18896428571428572
1 0.16756919642857143 0.4436026785714286 0.33513839285714286 0.17291964285714287
