1 0.84375 0.6473214285714286 0.26785714285714285 0.19642857142857142
1 0.5859375 0.6238839285714286 0.19866071428571427 0.22991071428571427
1 0.3141339285714286 0.6040379464285713 0.35148214285714285 0.25271875
1 0.126421875 0.6147254464285714 0.24391517857142858 0.1848080357142857
1 0.84375 0.6473214285714286 0.26785714285714285 0.19642857142857142
1 0.5859375 0.6238839285714286 0.19866071428571427 0.22991071428571427
1 0.3141339285714286 0.6040379464285713 0.35148214285714285 0.25271875
1 0.126421875 0.6147254464285714 0.24391517857142858 0.1848080357142857
1 0.84375 0.6473214285714286 0.26785714285714285 0.19642857142857142
1 0.5859375 0.6238839285714286 0.19866071428571427 0.22991071428571427
1 0.3141339285714286 0.6040379464285713 0.35148214285714285 0.25271875
1 0.126421875 0.6147254464285714 0.24391517857142858 0.1848080357142857
1 0.84375 0.6473214285714286 0.26785714285714285 0.19642857142857142
1 0.5859375 0.6238839285714286 0.19866071428571427 0.22991071428571427
1 0.3141339285714286 0.6040379464285713 0.35148214285714285 0.25271875
1 0.126421875 0.6147254464285714 0.24391517857142858 0.1848080357142857
1 0.84375 0.6473214285714286 0.26785714285714285 0.19642857142857142
1 0.5859375 0.6238839285714286 0.19866071428571427 0.22991071428571427
1 0.3141339285714286 0.6040379464285713 0.35148214285714285 0.25271875
1 0.126421875 0.6147254464285714 0.24391517857142858 0.1848080357142857
