1 0.121984375 0.7879598214285713 0.20825446428571429 0.15627678571428572
1 0.2917991071428571 0.761 0.2443125 0.23628571428571427
3 0.6830468749999999 0.5887946428571428 0.035736607142857146 0.10616071428571429
3 0.7795803571428571 0.5483861607142857 0.032375 0.09677232142857142
3 0.9134129464285714 0.6749196428571428 0.041111607142857144 0.12662500000000002
1 0.8618504464285713 0.7853995535714285 0.18798660714285714 0.21365625000000002
1 0.6758169642857144 0.7830580357142857 0.19984821428571428 0.2089732142857143
1 0.4932924107142857 0.7911138392857142 0.19194196428571428 0.17151339285714284
3 0.30993973214285714 0.6498526785714286 0.03952232142857143 0.05863392857142857
1 0.121984375 0.7879598214285713 0.20825446428571429 0.15627678571428572
1 0.2917991071428571 0.761 0.2443125 0.23628571428571427
3 0.6830468749999999 0.5887946428571428 0.035736607142857146 0.10616071428571429
3 0.7795803571428571 0.5483861607142857 0.032375 0.09677232142857142
3 0.9134129464285714 0.6749196428571428 0.041111607142857144 0.12662500000000002
1 0.8618504464285713 0.7853995535714285 0.18798660714285714 0.21365625000000002
1 0.6758169642857144 0.7830580357142857 0.19984821428571428 0.2089732142857143
1 0.4932924107142857 0.7911138392857142 0.19194196428571428 0.17151339285714284
3 0.30993973214285714 0.6498526785714286 0.03952232142857143 0.05863392857142857
1 0.121984375 0.7879598214285713 0.20825446428571429 0.15627678571428572
1 0.2917991071428571 0.761 0.2443125 0.23628571428571427
3 0.6830468749999999 0.5887946428571428 0.035736607142857146 0.10616071428571429
3 0.7795803571428571 0.5483861607142857 0.032375 0.09677232142857142
3 0.9134129464285714 0.6749196428571428 0.041111607142857144 0.12662500000000002
1 0.8618504464285713 0.7853995535714285 0.18798660714285714 0.21365625000000002
1 0.6758169642857144 0.7830580357142857 0.19984821428571428 0.2089732142857143
1 0.4932924107142857 0.7911138392857142 0.19194196428571428 0.17151339285714284
3 0.30993973214285714 0.6498526785714286 0.03952232142857143 0.05863392857142857
1 0.121984375 0.7879598214285713 0.20825446428571429 0.15627678571428572
1 0.2917991071428571 0.761 0.2443125 0.23628571428571427
3 0.6830468749999999 0.5887946428571428 0.035736607142857146 0.10616071428571429
3 0.7795803571428571 0.5483861607142857 0.032375 0.09677232142857142
3 0.9134129464285714 0.6749196428571428 0.041111607142857144 0.12662500000000002
1 0.8618504464285713 0.7853995535714285 0.18798660714285714 0.21365625000000002
1 0.6758169642857144 0.7830580357142857 0.19984821428571428 0.2089732142857143
1 0.4932924107142857 0.7911138392857142 0.19194196428571428 0.17151339285714284
3 0.30993973214285714 0.6498526785714286 0.03952232142857143 0.05863392857142857
1 0.121984375 0.7879598214285713 0.20825446428571429 0.15627678571428572
1 0.2917991071428571 0.761 0.2443125 0.23628571428571427
3 0.6830468749999999 0.5887946428571428 0.035736607142857146 0.10616071428571429
3 0.7795803571428571 0.5483861607142857 0.032375 0.09677232142857142
3 0.9134129464285714 0.6749196428571428 0.041111607142857144 0.12662500000000002
1 0.8618504464285713 0.7853995535714285 0.18798660714285714 0.21365625000000002
1 0.6758169642857144 0.7830580357142857 0.19984821428571428 0.2089732142857143
1 0.4932924107142857 0.7911138392857142 0.19194196428571428 0.17151339285714284
3 0.30993973214285714 0.6498526785714286 0.03952232142857143 0.05863392857142857
