1 0.7533348214285714 0.7809397321428572 0.16738392857142856 0.1690223214285714
1 0.6060982142857142 0.7707254464285713 0.18541071428571426 0.16645089285714285
1 0.47336160714285713 0.7438415178571428 0.1610089285714286 0.15732589285714285
1 0.343875 0.7331584821428571 0.17882142857142855 0.14488839285714286
1 0.22842410714285716 0.710890625 0.1711339285714286 0.13606696428571427
1 0.11516964285714285 0.7098839285714286 0.15891071428571427 0.1340535714285714
1 0.03754464285714286 0.6944732142857143 0.07508928571428572 0.13001785714285713
0 0.9109464285714285 0.8328102678571428 0.17010714285714285 0.10312053571428571
1 0.7533348214285714 0.7809397321428572 0.16738392857142856 0.1690223214285714
1 0.6060982142857142 0.7707254464285713 0.18541071428571426 0.16645089285714285
1 0.47336160714285713 0.7438415178571428 0.1610089285714286 0.15732589285714285
1 0.343875 0.7331584821428571 0.17882142857142855 0.14488839285714286
1 0.22842410714285716 0.710890625 0.1711339285714286 0.13606696428571427
1 0.11516964285714285 0.7098839285714286 0.15891071428571427 0.1340535714285714
1 0.03754464285714286 0.6944732142857143 0.07508928571428572 0.13001785714285713
0 0.9109464285714285 0.8328102678571428 0.17010714285714285 0.10312053571428571
1 0.7533348214285714 0.7809397321428572 0.16738392857142856 0.1690223214285714
1 0.6060982142857142 0.7707254464285713 0.18541071428571426 0.16645089285714285
1 0.47336160714285713 0.7438415178571428 0.1610089285714286 0.15732589285714285
1 0.343875 0.7331584821428571 0.17882142857142855 0.14488839285714286
1 0.22842410714285716 0.710890625 0.1711339285714286 0.13606696428571427
1 0.11516964285714285 0.7098839285714286 0.15891071428571427 0.1340535714285714
1 0.03754464285714286 0.6944732142857143 0.07508928571428572 0.13001785714285713
0 0.9109464285714285 0.8328102678571428 0.17010714285714285 0.10312053571428571
1 0.7533348214285714 0.7809397321428572 0.16738392857142856 0.1690223214285714
1 0.6060982142857142 0.7707254464285713 0.18541071428571426 0.16645089285714285
1 0.47336160714285713 0.7438415178571428 0.1610089285714286 0.15732589285714285
1 0.343875 0.7331584821428571 0.17882142857142855 0.14488839285714286
1 0.22842410714285716 0.710890625 0.1711339285714286 0.13606696428571427
1 0.11516964285714285 0.7098839285714286 0.15891071428571427 0.1340535714285714
1 0.03754464285714286 0.6944732142857143 0.07508928571428572 0.13001785714285713
0 0.9109464285714285 0.8328102678571428 0.17010714285714285 0.10312053571428571
1 0.7533348214285714 0.7809397321428572 0.16738392857142856 0.1690223214285714
1 0.6060982142857142 0.7707254464285713 0.18541071428571426 0.16645089285714285
1 0.47336160714285713 0.7438415178571428 0.1610089285714286 0.15732589285714285
1 0.343875 0.7331584821428571 0.17882142857142855 0.14488839285714286
1 0.22842410714285716 0.710890625 0.1711339285714286 0.13606696428571427
1 0.11516964285714285 0.7098839285714286 0.15891071428571427 0.1340535714285714
1 0.03754464285714286 0.6944732142857143 0.07508928571428572 0.13001785714285713
0 0.9109464285714285 0.8328102678571428 0.17010714285714285 0.10312053571428571
