1 0.2247611607142857 0.6677209821428571 0.19952232142857143 0.18365625000000002
1 0.5420446428571429 0.6599620535714286 0.235875 0.19492410714285713
1 0.08504910714285714 0.692296875 0.17009821428571428 0.1881651785714286
0 0.39393080357142857 0.7040937500000001 0.2164330357142857 0.08675892857142857
2 0.6988727678571429 0.6890111607142858 0.18345982142857142 0.08337946428571429
2 0.8072633928571429 0.6720178571428572 0.2663125 0.07617857142857143
0 0.9043102678571427 0.6633080357142856 0.19254910714285714 0.07661607142857142
1 0.2247611607142857 0.6677209821428571 0.19952232142857143 0.18365625000000002
1 0.5420446428571429 0.6599620535714286 0.235875 0.19492410714285713
1 0.08504910714285714 0.692296875 0.17009821428571428 0.1881651785714286
0 0.39393080357142857 0.7040937500000001 0.2164330357142857 0.08675892857142857
2 0.6988727678571429 0.6890111607142858 0.18345982142857142 0.08337946428571429
2 0.8072633928571429 0.6720178571428572 0.2663125 0.07617857142857143
0 0.9043102678571427 0.6633080357142856 0.19254910714285714 0.07661607142857142
1 0.2247611607142857 0.6677209821428571 0.19952232142857143 0.18365625000000002
1 0.5420446428571429 0.6599620535714286 0.235875 0.19492410714285713
1 0.08504910714285714 0.692296875 0.17009821428571428 0.1881651785714286
0 0.39393080357142857 0.7040937500000001 0.2164330357142857 0.08675892857142857
2 0.6988727678571429 0.6890111607142858 0.18345982142857142 0.08337946428571429
2 0.8072633928571429 0.6720178571428572 0.2663125 0.07617857142857143
0 0.9043102678571427 0.6633080357142856 0.19254910714285714 0.07661607142857142
1 0.2247611607142857 0.6677209821428571 0.19952232142857143 0.18365625000000002
1 0.5420446428571429 0.6599620535714286 0.235875 0.19492410714285713
1 0.08504910714285714 0.692296875 0.17009821428571428 0.1881651785714286
0 0.39393080357142857 0.7040937500000001 0.2164330357142857 0.08675892857142857
2 0.6988727678571429 0.6890111607142858 0.18345982142857142 0.08337946428571429
2 0.8072633928571429 0.6720178571428572 0.2663125 0.07617857142857143
0 0.9043102678571427 0.6633080357142856 0.19254910714285714 0.07661607142857142
1 0.2247611607142857 0.6677209821428571 0.19952232142857143 0.18365625000000002
1 0.5420446428571429 0.6599620535714286 0.235875 0.19492410714285713
1 0.08504910714285714 0.692296875 0.17009821428571428 0.1881651785714286
0 0.39393080357142857 0.7040937500000001 0.2164330357142857 0.08675892857142857
2 0.6988727678571429 0.6890111607142858 0.18345982142857142 0.08337946428571429
2 0.8072633928571429 0.6720178571428572 0.2663125 0.07617857142857143
0 0.9043102678571427 0.6633080357142856 0.19254910714285714 0.07661607142857142
