1 0.6314955357142856 0.7524107142857143 0.20941964285714285 0.2369642857142857
1 0.43199553571428567 0.7479464285714286 0.22113392857142858 0.2369642857142857
1 0.22897544642857143 0.7715758928571429 0.23473660714285716 0.19493749999999999
1 0.8457276785714286 0.7551227678571429 0.19145535714285716 0.23345982142857144
1 0.07747991071428571 0.7440223214285714 0.15495982142857143 0.2469732142857143
1 0.6314955357142856 0.7524107142857143 0.20941964285714285 0.2369642857142857
1 0.43199553571428567 0.7479464285714286 0.22113392857142858 0.2369642857142857
1 0.22897544642857143 0.7715758928571429 0.23473660714285716 0.19493749999999999
1 0.8457276785714286 0.7551227678571429 0.19145535714285716 0.23345982142857144
1 0.07747991071428571 0.7440223214285714 0.15495982142857143 0.2469732142857143
1 0.6314955357142856 0.7524107142857143 0.20941964285714285 0.2369642857142857
1 0.43199553571428567 0.7479464285714286 0.22113392857142858 0.2369642857142857
1 0.22897544642857143 0.7715758928571429 0.23473660714285716 0.19493749999999999
1 0.8457276785714286 0.7551227678571429 0.19145535714285716 0.23345982142857144
1 0.07747991071428571 0.7440223214285714 0.15495982142857143 0.2469732142857143
1 0.6314955357142856 0.7524107142857143 0.20941964285714285 0.2369642857142857
1 0.43199553571428567 0.7479464285714286 0.22113392857142858 0.2369642857142857
1 0.22897544642857143 0.7715758928571429 0.23473660714285716 0.19493749999999999
1 0.8457276785714286 0.7551227678571429 0.19145535714285716 0.23345982142857144
1 0.07747991071428571 0.7440223214285714 0.15495982142857143 0.2469732142857143
1 0.6314955357142856 0.7524107142857143 0.20941964285714285 0.2369642857142857
1 0.43199553571428567 0.7479464285714286 0.22113392857142858 0.2369642857142857
1 0.22897544642857143 0.7715758928571429 0.23473660714285716 0.19493749999999999
1 0.8457276785714286 0.7551227678571429 0.19145535714285716 0.23345982142857144
1 0.07747991071428571 0.7440223214285714 0.15495982142857143 0.2469732142857143
