1 0.06808035714285714 0.48660714285714285 0.07366071428571429 0.05357142857142857
1 0.15178571428571427 0.49776785714285715 0.05357142857142857 0.05803571428571429
1 0.22433035714285715 0.5133928571428571 0.07366071428571429 0.07142857142857142
1 0.30357142857142855 0.5055803571428571 0.044642857142857144 0.08258928571428571
1 0.42075892857142855 0.5122767857142857 0.16294642857142858 0.078125
0 0.4997008928571428 0.5826428571428571 0.2761875 0.06707142857142857
1 0.06808035714285714 0.48660714285714285 0.07366071428571429 0.05357142857142857
1 0.15178571428571427 0.49776785714285715 0.05357142857142857 0.05803571428571429
1 0.22433035714285715 0.5133928571428571 0.07366071428571429 0.07142857142857142
1 0.30357142857142855 0.5055803571428571 0.044642857142857144 0.08258928571428571
1 0.42075892857142855 0.5122767857142857 0.16294642857142858 0.078125
0 0.4997008928571428 0.5826428571428571 0.2761875 0.06707142857142857
1 0.06808035714285714 0.48660714285714285 0.07366071428571429 0.05357142857142857
1 0.15178571428571427 0.49776785714285715 0.05357142857142857 0.05803571428571429
1 0.22433035714285715 0.5133928571428571 0.07366071428571429 0.07142857142857142
1 0.30357142857142855 0.5055803571428571 0.044642857142857144 0.08258928571428571
1 0.42075892857142855 0.5122767857142857 0.16294642857142858 0.078125
0 0.4997008928571428 0.5826428571428571 0.2761875 0.06707142857142857
1 0.06808035714285714 0.48660714285714285 0.07366071428571429 0.05357142857142857
1 0.15178571428571427 0.49776785714285715 0.05357142857142857 0.05803571428571429
1 0.22433035714285715 0.5133928571428571 0.07366071428571429 0.07142857142857142
1 0.30357142857142855 0.5055803571428571 0.044642857142857144 0.08258928571428571
1 0.42075892857142855 0.5122767857142857 0.16294642857142858 0.078125
0 0.4997008928571428 0.5826428571428571 0.2761875 0.06707142857142857
1 0.06808035714285714 0.48660714285714285 0.07366071428571429 0.05357142857142857
1 0.15178571428571427 0.49776785714285715 0.05357142857142857 0.05803571428571429
1 0.22433035714285715 0.5133928571428571 0.07366071428571429 0.07142857142857142
1 0.30357142857142855 0.5055803571428571 0.044642857142857144 0.08258928571428571
1 0.42075892857142855 0.5122767857142857 0.16294642857142858 0.078125
0 0.4997008928571428 0.5826428571428571 0.2761875 0.06707142857142857
