1 0.9698660714285714 0.7276785714285714 0.05580357142857143 0.15178571428571427
1 0.8683035714285714 0.7131696428571429 0.13839285714285715 0.11383928571428571
1 0.4760535714285714 0.827125 0.4610357142857143 0.34175000000000005
1 0.41294642857142855 0.6183035714285714 0.049107142857142856 0.05803571428571429
1 0.35714285714285715 0.625 0.044642857142857144 0.044642857142857144
1 0.3080357142857143 0.6194196428571429 0.044642857142857144 0.05133928571428571
1 0.2578125 0.6194196428571429 0.05133928571428571 0.05133928571428571
1 0.15401785714285715 0.7522321428571429 0.18303571428571427 0.17410714285714285
1 0.13616071428571427 0.6149553571428571 0.05803571428571429 0.04241071428571429
1 0.1953125 0.6127232142857143 0.033482142857142856 0.03794642857142857
0 0.2654174107142857 0.8820446428571429 0.20047767857142856 0.14801785714285715
1 0.9698660714285714 0.7276785714285714 0.05580357142857143 0.15178571428571427
1 0.8683035714285714 0.7131696428571429 0.13839285714285715 0.11383928571428571
1 0.4760535714285714 0.827125 0.4610357142857143 0.34175000000000005
1 0.41294642857142855 0.6183035714285714 0.049107142857142856 0.05803571428571429
1 0.35714285714285715 0.625 0.044642857142857144 0.044642857142857144
1 0.3080357142857143 0.6194196428571429 0.044642857142857144 0.05133928571428571
1 0.2578125 0.6194196428571429 0.05133928571428571 0.05133928571428571
1 0.15401785714285715 0.7522321428571429 0.18303571428571427 0.17410714285714285
1 0.13616071428571427 0.6149553571428571 0.05803571428571429 0.04241071428571429
1 0.1953125 0.6127232142857143 0.033482142857142856 0.03794642857142857
0 0.2654174107142857 0.8820446428571429 0.20047767857142856 0.14801785714285715
1 0.9698660714285714 0.7276785714285714 0.05580357142857143 0.15178571428571427
1 0.8683035714285714 0.7131696428571429 0.13839285714285715 0.11383928571428571
1 0.4760535714285714 0.827125 0.4610357142857143 0.34175000000000005
1 0.41294642857142855 0.6183035714285714 0.049107142857142856 0.05803571428571429
1 0.35714285714285715 0.625 0.044642857142857144 0.044642857142857144
1 0.3080357142857143 0.6194196428571429 0.044642857142857144 0.05133928571428571
1 0.2578125 0.6194196428571429 0.05133928571428571 0.05133928571428571
1 0.15401785714285715 0.7522321428571429 0.18303571428571427 0.17410714285714285
1 0.13616071428571427 0.6149553571428571 0.05803571428571429 0.04241071428571429
1 0.1953125 0.6127232142857143 0.033482142857142856 0.03794642857142857
0 0.2654174107142857 0.8820446428571429 0.20047767857142856 0.14801785714285715
1 0.9698660714285714 0.7276785714285714 0.05580357142857143 0.15178571428571427
1 0.8683035714285714 0.7131696428571429 0.13839285714285715 0.11383928571428571
1 0.4760535714285714 0.827125 0.4610357142857143 0.34175000000000005
1 0.41294642857142855 0.6183035714285714 0.049107142857142856 0.05803571428571429
1 0.35714285714285715 0.625 0.044642857142857144 0.044642857142857144
1 0.3080357142857143 0.6194196428571429 0.044642857142857144 0.05133928571428571
1 0.2578125 0.6194196428571429 0.05133928571428571 0.05133928571428571
1 0.15401785714285715 0.7522321428571429 0.18303571428571427 0.17410714285714285
1 0.13616071428571427 0.6149553571428571 0.05803571428571429 0.04241071428571429
1 0.1953125 0.6127232142857143 0.033482142857142856 0.03794642857142857
0 0.2654174107142857 0.8820446428571429 0.20047767857142856 0.14801785714285715
1 0.9698660714285714 0.7276785714285714 0.05580357142857143 0.15178571428571427
1 0.8683035714285714 0.7131696428571429 0.13839285714285715 0.11383928571428571
1 0.4760535714285714 0.827125 0.4610357142857143 0.34175000000000005
1 0.41294642857142855 0.6183035714285714 0.049107142857142856 0.05803571428571429
1 0.35714285714285715 0.625 0.044642857142857144 0.044642857142857144
1 0.3080357142857143 0.6194196428571429 0.044642857142857144 0.05133928571428571
1 0.2578125 0.6194196428571429 0.05133928571428571 0.05133928571428571
1 0.15401785714285715 0.7522321428571429 0.18303571428571427 0.17410714285714285
1 0.13616071428571427 0.6149553571428571 0.05803571428571429 0.04241071428571429
1 0.1953125 0.6127232142857143 0.033482142857142856 0.03794642857142857
0 0.2654174107142857 0.8820446428571429 0.20047767857142856 0.14801785714285715
