1 0.11941964285714286 0.5591517857142857 0.12276785714285714 0.15401785714285715
1 0.24441964285714285 0.5613839285714286 0.13169642857142858 0.12276785714285714
1 0.374046875 0.5832857142857143 0.15880803571428573 0.15764285714285714
1 0.5030982142857143 0.5733013392857143 0.16691071428571427 0.15553124999999998
1 0.6479687500000001 0.5625892857142857 0.1352232142857143 0.16089285714285714
1 0.7859910714285715 0.5978816964285715 0.17019642857142858 0.2046919642857143
1 0.11941964285714286 0.5591517857142857 0.12276785714285714 0.15401785714285715
1 0.24441964285714285 0.5613839285714286 0.13169642857142858 0.12276785714285714
1 0.374046875 0.5832857142857143 0.15880803571428573 0.15764285714285714
1 0.5030982142857143 0.5733013392857143 0.16691071428571427 0.15553124999999998
1 0.6479687500000001 0.5625892857142857 0.1352232142857143 0.16089285714285714
1 0.7859910714285715 0.5978816964285715 0.17019642857142858 0.2046919642857143
1 0.11941964285714286 0.5591517857142857 0.12276785714285714 0.15401785714285715
1 0.24441964285714285 0.5613839285714286 0.13169642857142858 0.12276785714285714
1 0.374046875 0.5832857142857143 0.15880803571428573 0.15764285714285714
1 0.5030982142857143 0.5733013392857143 0.16691071428571427 0.15553124999999998
1 0.6479687500000001 0.5625892857142857 0.1352232142857143 0.16089285714285714
1 0.7859910714285715 0.5978816964285715 0.17019642857142858 0.2046919642857143
1 0.11941964285714286 0.5591517857142857 0.12276785714285714 0.15401785714285715
1 0.24441964285714285 0.5613839285714286 0.13169642857142858 0.12276785714285714
1 0.374046875 0.5832857142857143 0.15880803571428573 0.15764285714285714
1 0.5030982142857143 0.5733013392857143 0.16691071428571427 0.15553124999999998
1 0.6479687500000001 0.5625892857142857 0.1352232142857143 0.16089285714285714
1 0.7859910714285715 0.5978816964285715 0.17019642857142858 0.2046919642857143
1 0.11941964285714286 0.5591517857142857 0.12276785714285714 0.15401785714285715
1 0.24441964285714285 0.5613839285714286 0.13169642857142858 0.12276785714285714
1 0.374046875 0.5832857142857143 0.15880803571428573 0.15764285714285714
1 0.5030982142857143 0.5733013392857143 0.16691071428571427 0.15553124999999998
1 0.6479687500000001 0.5625892857142857 0.1352232142857143 0.16089285714285714
1 0.7859910714285715 0.5978816964285715 0.17019642857142858 0.2046919642857143
