1 0.7879464285714286 0.6261160714285714 0.15625 0.171875
1 0.6261160714285714 0.6227678571428571 0.14508928571428573 0.17410714285714285
1 0.4564732142857143 0.6294642857142857 0.13616071428571427 0.16964285714285715
1 0.29129464285714285 0.640625 0.13616071428571427 0.16517857142857142
1 0.11830357142857142 0.6361607142857143 0.16517857142857142 0.18303571428571427
1 0.06696428571428571 0.38058035714285715 0.08035714285714286 0.07366071428571429
1 0.7879464285714286 0.6261160714285714 0.15625 0.171875
1 0.6261160714285714 0.6227678571428571 0.14508928571428573 0.17410714285714285
1 0.4564732142857143 0.6294642857142857 0.13616071428571427 0.16964285714285715
1 0.29129464285714285 0.640625 0.13616071428571427 0.16517857142857142
1 0.11830357142857142 0.6361607142857143 0.16517857142857142 0.18303571428571427
1 0.06696428571428571 0.38058035714285715 0.08035714285714286 0.07366071428571429
1 0.7879464285714286 0.6261160714285714 0.15625 0.171875
1 0.6261160714285714 0.6227678571428571 0.14508928571428573 0.17410714285714285
1 0.4564732142857143 0.6294642857142857 0.13616071428571427 0.16964285714285715
1 0.29129464285714285 0.640625 0.13616071428571427 0.16517857142857142
1 0.11830357142857142 0.6361607142857143 0.16517857142857142 0.18303571428571427
1 0.06696428571428571 0.38058035714285715 0.08035714285714286 0.07366071428571429
1 0.7879464285714286 0.6261160714285714 0.15625 0.171875
1 0.6261160714285714 0.6227678571428571 0.14508928571428573 0.17410714285714285
1 0.4564732142857143 0.6294642857142857 0.13616071428571427 0.16964285714285715
1 0.29129464285714285 0.640625 0.13616071428571427 0.16517857142857142
1 0.11830357142857142 0.6361607142857143 0.16517857142857142 0.18303571428571427
1 0.06696428571428571 0.38058035714285715 0.08035714285714286 0.07366071428571429
1 0.7879464285714286 0.6261160714285714 0.15625 0.171875
1 0.6261160714285714 0.6227678571428571 0.14508928571428573 0.17410714285714285
1 0.4564732142857143 0.6294642857142857 0.13616071428571427 0.16964285714285715
1 0.29129464285714285 0.640625 0.13616071428571427 0.16517857142857142
1 0.11830357142857142 0.6361607142857143 0.16517857142857142 0.18303571428571427
1 0.06696428571428571 0.38058035714285715 0.08035714285714286 0.07366071428571429
