1 0.1015625 0.5535714285714286 0.11383928571428571 0.13392857142857142
1 0.171875 0.7801339285714286 0.14732142857142858 0.16741071428571427
1 0.36941964285714285 0.7388392857142857 0.08705357142857142 0.15625
1 0.5223214285714286 0.7254464285714286 0.13392857142857142 0.15625
1 0.6830357142857143 0.6875 0.125 0.16964285714285715
1 0.8470982142857143 0.6506696428571429 0.140625 0.140625
1 0.25669642857142855 0.5390625 0.09375 0.11383928571428571
1 0.3705357142857143 0.5245535714285714 0.08035714285714286 0.09375
1 0.49888392857142855 0.5100446428571429 0.11383928571428571 0.10044642857142858
1 0.1015625 0.5535714285714286 0.11383928571428571 0.13392857142857142
1 0.171875 0.7801339285714286 0.14732142857142858 0.16741071428571427
1 0.36941964285714285 0.7388392857142857 0.08705357142857142 0.15625
1 0.5223214285714286 0.7254464285714286 0.13392857142857142 0.15625
1 0.6830357142857143 0.6875 0.125 0.16964285714285715
1 0.8470982142857143 0.6506696428571429 0.140625 0.140625
1 0.25669642857142855 0.5390625 0.09375 0.11383928571428571
1 0.3705357142857143 0.5245535714285714 0.08035714285714286 0.09375
1 0.49888392857142855 0.5100446428571429 0.11383928571428571 0.10044642857142858
1 0.1015625 0.5535714285714286 0.11383928571428571 0.13392857142857142
1 0.171875 0.7801339285714286 0.14732142857142858 0.16741071428571427
1 0.36941964285714285 0.7388392857142857 0.08705357142857142 0.15625
1 0.5223214285714286 0.7254464285714286 0.13392857142857142 0.15625
1 0.6830357142857143 0.6875 0.125 0.16964285714285715
1 0.8470982142857143 0.6506696428571429 0.140625 0.140625
1 0.25669642857142855 0.5390625 0.09375 0.11383928571428571
1 0.3705357142857143 0.5245535714285714 0.08035714285714286 0.09375
1 0.49888392857142855 0.5100446428571429 0.11383928571428571 0.10044642857142858
1 0.1015625 0.5535714285714286 0.11383928571428571 0.13392857142857142
1 0.171875 0.7801339285714286 0.14732142857142858 0.16741071428571427
1 0.36941964285714285 0.7388392857142857 0.08705357142857142 0.15625
1 0.5223214285714286 0.7254464285714286 0.13392857142857142 0.15625
1 0.6830357142857143 0.6875 0.125 0.16964285714285715
1 0.8470982142857143 0.6506696428571429 0.140625 0.140625
1 0.25669642857142855 0.5390625 0.09375 0.11383928571428571
1 0.3705357142857143 0.5245535714285714 0.08035714285714286 0.09375
1 0.49888392857142855 0.5100446428571429 0.11383928571428571 0.10044642857142858
1 0.1015625 0.5535714285714286 0.11383928571428571 0.13392857142857142
1 0.171875 0.7801339285714286 0.14732142857142858 0.16741071428571427
1 0.36941964285714285 0.7388392857142857 0.08705357142857142 0.15625
1 0.5223214285714286 0.7254464285714286 0.13392857142857142 0.15625
1 0.6830357142857143 0.6875 0.125 0.16964285714285715
1 0.8470982142857143 0.6506696428571429 0.140625 0.140625
1 0.25669642857142855 0.5390625 0.09375 0.11383928571428571
1 0.3705357142857143 0.5245535714285714 0.08035714285714286 0.09375
1 0.49888392857142855 0.5100446428571429 0.11383928571428571 0.10044642857142858
