1 0.9296875 0.5848214285714286 0.09151785714285714 0.09821428571428571
1 0.140625 0.9118303571428571 0.21875 0.16294642857142858
1 0.26674107142857145 0.8270089285714286 0.15848214285714285 0.12723214285714285
1 0.328125 0.7600446428571429 0.12946428571428573 0.13616071428571427
0 0.4336495535714286 0.7588415178571429 0.11729910714285714 0.09804017857142856
1 0.5111607142857143 0.6595982142857143 0.09375 0.12276785714285714
1 0.7633928571428571 0.484375 0.07142857142857142 0.08482142857142858
3 0.3002232142857143 0.4017857142857143 0.011160714285714286 0.026785714285714284
1 0.25892857142857145 0.43526785714285715 0.026785714285714284 0.022321428571428572
1 0.22879464285714285 0.4341517857142857 0.029017857142857144 0.029017857142857144
1 0.20424107142857142 0.42745535714285715 0.024553571428571428 0.024553571428571428
1 0.17522321428571427 0.4185267857142857 0.029017857142857144 0.033482142857142856
1 0.14732142857142858 0.42299107142857145 0.026785714285714284 0.024553571428571428
0 0.6361763392857143 0.5502901785714286 0.1294955357142857 0.029151785714285717
0 0.6618772321428572 0.5346540178571428 0.11839732142857143 0.024665178571428574
0 0.6809866071428571 0.5246049107142857 0.12983035714285715 0.02242410714285714
0 0.5927254464285714 0.5842299107142858 0.11402232142857142 0.03453125
0 0.6098191964285714 0.5650267857142858 0.12142410714285715 0.031839285714285716
0 0.5899732142857143 0.6078973214285714 0.08173214285714285 0.03722321428571428
1 0.9296875 0.5848214285714286 0.09151785714285714 0.09821428571428571
1 0.140625 0.9118303571428571 0.21875 0.16294642857142858
1 0.26674107142857145 0.8270089285714286 0.15848214285714285 0.12723214285714285
1 0.328125 0.7600446428571429 0.12946428571428573 0.13616071428571427
0 0.4336495535714286 0.7588415178571429 0.11729910714285714 0.09804017857142856
1 0.5111607142857143 0.6595982142857143 0.09375 0.12276785714285714
1 0.7633928571428571 0.484375 0.07142857142857142 0.08482142857142858
3 0.3002232142857143 0.4017857142857143 0.011160714285714286 0.026785714285714284
1 0.25892857142857145 0.43526785714285715 0.026785714285714284 0.022321428571428572
1 0.22879464285714285 0.4341517857142857 0.029017857142857144 0.029017857142857144
1 0.20424107142857142 0.42745535714285715 0.024553571428571428 0.024553571428571428
1 0.17522321428571427 0.4185267857142857 0.029017857142857144 0.033482142857142856
1 0.14732142857142858 0.42299107142857145 0.026785714285714284 0.024553571428571428
0 0.6361763392857143 0.5502901785714286 0.1294955357142857 0.029151785714285717
0 0.6618772321428572 0.5346540178571428 0.11839732142857143 0.024665178571428574
0 0.6809866071428571 0.5246049107142857 0.12983035714285715 0.02242410714285714
0 0.5927254464285714 0.5842299107142858 0.11402232142857142 0.03453125
0 0.6098191964285714 0.5650267857142858 0.12142410714285715 0.031839285714285716
0 0.5899732142857143 0.6078973214285714 0.08173214285714285 0.03722321428571428
1 0.9296875 0.5848214285714286 0.09151785714285714 0.09821428571428571
1 0.140625 0.9118303571428571 0.21875 0.16294642857142858
1 0.26674107142857145 0.8270089285714286 0.15848214285714285 0.12723214285714285
1 0.328125 0.7600446428571429 0.12946428571428573 0.13616071428571427
0 0.4336495535714286 0.7588415178571429 0.11729910714285714 0.09804017857142856
1 0.5111607142857143 0.6595982142857143 0.09375 0.12276785714285714
1 0.7633928571428571 0.484375 0.07142857142857142 0.08482142857142858
3 0.3002232142857143 0.4017857142857143 0.011160714285714286 0.026785714285714284
1 0.25892857142857145 0.43526785714285715 0.026785714285714284 0.022321428571428572
1 0.22879464285714285 0.4341517857142857 0.029017857142857144 0.029017857142857144
1 0.20424107142857142 0.42745535714285715 0.024553571428571428 0.024553571428571428
1 0.17522321428571427 0.4185267857142857 0.029017857142857144 0.033482142857142856
1 0.14732142857142858 0.42299107142857145 0.026785714285714284 0.024553571428571428
0 0.6361763392857143 0.5502901785714286 0.1294955357142857 0.029151785714285717
0 0.6618772321428572 0.5346540178571428 0.11839732142857143 0.024665178571428574
0 0.6809866071428571 0.5246049107142857 0.12983035714285715 0.02242410714285714
0 0.5927254464285714 0.5842299107142858 0.11402232142857142 0.03453125
0 0.6098191964285714 0.5650267857142858 0.12142410714285715 0.031839285714285716
0 0.5899732142857143 0.6078973214285714 0.08173214285714285 0.03722321428571428
1 0.9296875 0.5848214285714286 0.09151785714285714 0.09821428571428571
1 0.140625 0.9118303571428571 0.21875 0.16294642857142858
1 0.26674107142857145 0.8270089285714286 0.15848214285714285 0.12723214285714285
1 0.328125 0.7600446428571429 0.12946428571428573 0.13616071428571427
0 0.4336495535714286 0.7588415178571429 0.11729910714285714 0.09804017857142856
1 0.5111607142857143 0.6595982142857143 0.09375 0.12276785714285714
1 0.7633928571428571 0.484375 0.07142857142857142 0.08482142857142858
3 0.3002232142857143 0.4017857142857143 0.011160714285714286 0.026785714285714284
1 0.25892857142857145 0.43526785714285715 0.026785714285714284 0.022321428571428572
1 0.22879464285714285 0.4341517857142857 0.029017857142857144 0.029017857142857144
1 0.20424107142857142 0.42745535714285715 0.024553571428571428 0.024553571428571428
1 0.17522321428571427 0.4185267857142857 0.029017857142857144 0.033482142857142856
1 0.14732142857142858 0.42299107142857145 0.026785714285714284 0.024553571428571428
0 0.6361763392857143 0.5502901785714286 0.1294955357142857 0.029151785714285717
0 0.6618772321428572 0.5346540178571428 0.11839732142857143 0.024665178571428574
0 0.6809866071428571 0.5246049107142857 0.12983035714285715 0.02242410714285714
0 0.5927254464285714 0.5842299107142858 0.11402232142857142 0.03453125
0 0.6098191964285714 0.5650267857142858 0.12142410714285715 0.031839285714285716
0 0.5899732142857143 0.6078973214285714 0.08173214285714285 0.03722321428571428
1 0.9296875 0.5848214285714286 0.09151785714285714 0.09821428571428571
1 0.140625 0.9118303571428571 0.21875 0.16294642857142858
1 0.26674107142857145 0.8270089285714286 0.15848214285714285 0.12723214285714285
1 0.328125 0.7600446428571429 0.12946428571428573 0.13616071428571427
0 0.4336495535714286 0.7588415178571429 0.11729910714285714 0.09804017857142856
1 0.5111607142857143 0.6595982142857143 0.09375 0.12276785714285714
1 0.7633928571428571 0.484375 0.07142857142857142 0.08482142857142858
3 0.3002232142857143 0.4017857142857143 0.011160714285714286 0.026785714285714284
1 0.25892857142857145 0.43526785714285715 0.026785714285714284 0.022321428571428572
1 0.22879464285714285 0.4341517857142857 0.029017857142857144 0.029017857142857144
1 0.20424107142857142 0.42745535714285715 0.024553571428571428 0.024553571428571428
1 0.17522321428571427 0.4185267857142857 0.029017857142857144 0.033482142857142856
1 0.14732142857142858 0.42299107142857145 0.026785714285714284 0.024553571428571428
0 0.6361763392857143 0.5502901785714286 0.1294955357142857 0.029151785714285717
0 0.6618772321428572 0.5346540178571428 0.11839732142857143 0.024665178571428574
0 0.6809866071428571 0.5246049107142857 0.12983035714285715 0.02242410714285714
0 0.5927254464285714 0.5842299107142858 0.11402232142857142 0.03453125
0 0.6098191964285714 0.5650267857142858 0.12142410714285715 0.031839285714285716
0 0.5899732142857143 0.6078973214285714 0.08173214285714285 0.03722321428571428
