1 0.032113839285714284 0.5918861607142858 0.06422767857142857 0.0855580357142857
1 0.1682120535714286 0.5805379464285715 0.10428125 0.09857589285714285
1 0.2604107142857143 0.5699084821428572 0.09225000000000001 0.10410267857142856
1 0.33254687499999996 0.5676517857142857 0.06687946428571429 0.09958928571428571
1 0.4232924107142857 0.5665424107142857 0.07872767857142858 0.08844196428571428
1 0.5074330357142857 0.5536696428571429 0.07736607142857142 0.09841071428571428
1 0.5942790178571429 0.6391361607142857 0.1260580357142857 0.14434375
1 0.7515691964285713 0.6326830357142857 0.15492410714285715 0.14929464285714286
1 0.6897321428571429 0.5457589285714286 0.07589285714285714 0.07366071428571429
1 0.7890625 0.5401785714285714 0.09598214285714286 0.08035714285714286
1 0.890625 0.5267857142857143 0.08482142857142858 0.0625
1 0.9575892857142857 0.5178571428571429 0.08482142857142858 0.07142857142857142
3 0.9051071428571429 0.6297946428571429 0.06021428571428571 0.14351785714285717
3 0.9893794642857143 0.6263035714285714 0.023401785714285715 0.15439285714285716
1 0.032113839285714284 0.5918861607142858 0.06422767857142857 0.0855580357142857
1 0.1682120535714286 0.5805379464285715 0.10428125 0.09857589285714285
1 0.2604107142857143 0.5699084821428572 0.09225000000000001 0.10410267857142856
1 0.33254687499999996 0.5676517857142857 0.06687946428571429 0.09958928571428571
1 0.4232924107142857 0.5665424107142857 0.07872767857142858 0.08844196428571428
1 0.5074330357142857 0.5536696428571429 0.07736607142857142 0.09841071428571428
1 0.5942790178571429 0.6391361607142857 0.1260580357142857 0.14434375
1 0.7515691964285713 0.6326830357142857 0.15492410714285715 0.14929464285714286
1 0.6897321428571429 0.5457589285714286 0.07589285714285714 0.07366071428571429
1 0.7890625 0.5401785714285714 0.09598214285714286 0.08035714285714286
1 0.890625 0.5267857142857143 0.08482142857142858 0.0625
1 0.9575892857142857 0.5178571428571429 0.08482142857142858 0.07142857142857142
3 0.9051071428571429 0.6297946428571429 0.06021428571428571 0.14351785714285717
3 0.9893794642857143 0.6263035714285714 0.023401785714285715 0.15439285714285716
1 0.032113839285714284 0.5918861607142858 0.06422767857142857 0.0855580357142857
1 0.1682120535714286 0.5805379464285715 0.10428125 0.09857589285714285
1 0.2604107142857143 0.5699084821428572 0.09225000000000001 0.10410267857142856
1 0.33254687499999996 0.5676517857142857 0.06687946428571429 0.09958928571428571
1 0.4232924107142857 0.5665424107142857 0.07872767857142858 0.08844196428571428
1 0.5074330357142857 0.5536696428571429 0.07736607142857142 0.09841071428571428
1 0.5942790178571429 0.6391361607142857 0.1260580357142857 0.14434375
1 0.7515691964285713 0.6326830357142857 0.15492410714285715 0.14929464285714286
1 0.6897321428571429 0.5457589285714286 0.07589285714285714 0.07366071428571429
1 0.7890625 0.5401785714285714 0.09598214285714286 0.08035714285714286
1 0.890625 0.5267857142857143 0.08482142857142858 0.0625
1 0.9575892857142857 0.5178571428571429 0.08482142857142858 0.07142857142857142
3 0.9051071428571429 0.6297946428571429 0.06021428571428571 0.14351785714285717
3 0.9893794642857143 0.6263035714285714 0.023401785714285715 0.15439285714285716
1 0.032113839285714284 0.5918861607142858 0.06422767857142857 0.0855580357142857
1 0.1682120535714286 0.5805379464285715 0.10428125 0.09857589285714285
1 0.2604107142857143 0.5699084821428572 0.09225000000000001 0.10410267857142856
1 0.33254687499999996 0.5676517857142857 0.06687946428571429 0.09958928571428571
1 0.4232924107142857 0.5665424107142857 0.07872767857142858 0.08844196428571428
1 0.5074330357142857 0.5536696428571429 0.07736607142857142 0.09841071428571428
1 0.5942790178571429 0.6391361607142857 0.1260580357142857 0.14434375
1 0.7515691964285713 0.6326830357142857 0.15492410714285715 0.14929464285714286
1 0.6897321428571429 0.5457589285714286 0.07589285714285714 0.07366071428571429
1 0.7890625 0.5401785714285714 0.09598214285714286 0.08035714285714286
1 0.890625 0.5267857142857143 0.08482142857142858 0.0625
1 0.9575892857142857 0.5178571428571429 0.08482142857142858 0.07142857142857142
3 0.9051071428571429 0.6297946428571429 0.06021428571428571 0.14351785714285717
3 0.9893794642857143 0.6263035714285714 0.023401785714285715 0.15439285714285716
1 0.032113839285714284 0.5918861607142858 0.06422767857142857 0.0855580357142857
1 0.1682120535714286 0.5805379464285715 0.10428125 0.09857589285714285
1 0.2604107142857143 0.5699084821428572 0.09225000000000001 0.10410267857142856
1 0.33254687499999996 0.5676517857142857 0.06687946428571429 0.09958928571428571
1 0.4232924107142857 0.5665424107142857 0.07872767857142858 0.08844196428571428
1 0.5074330357142857 0.5536696428571429 0.07736607142857142 0.09841071428571428
1 0.5942790178571429 0.6391361607142857 0.1260580357142857 0.14434375
1 0.7515691964285713 0.6326830357142857 0.15492410714285715 0.14929464285714286
1 0.6897321428571429 0.5457589285714286 0.07589285714285714 0.07366071428571429
1 0.7890625 0.5401785714285714 0.09598214285714286 0.08035714285714286
1 0.890625 0.5267857142857143 0.08482142857142858 0.0625
1 0.9575892857142857 0.5178571428571429 0.08482142857142858 0.07142857142857142
3 0.9051071428571429 0.6297946428571429 0.06021428571428571 0.14351785714285717
3 0.9893794642857143 0.6263035714285714 0.023401785714285715 0.15439285714285716
