3 0.7020089285714286 0.09709821428571429 0.011160714285714286 0.04241071428571429
3 0.7801339285714286 0.09263392857142858 0.015625 0.015625
1 0.3872767857142857 0.08816964285714286 0.08705357142857142 0.05133928571428571
1 0.3158482142857143 0.08816964285714286 0.04241071428571429 0.05133928571428571
1 0.2689732142857143 0.07700892857142858 0.046875 0.05580357142857143
1 0.23214285714285715 0.06584821428571429 0.044642857142857144 0.060267857142857144
1 0.1875 0.06919642857142858 0.044642857142857144 0.05803571428571429
3 0.8861607142857143 0.08705357142857142 0.03125 0.03125
1 0.17522321428571427 0.8504464285714286 0.27901785714285715 0.29017857142857145
1 0.38950892857142855 0.7477678571428571 0.19866071428571427 0.20089285714285715
1 0.5033482142857143 0.6116071428571429 0.140625 0.1875
0 0.6102991071428571 0.6083973214285715 0.22952678571428572 0.13643750000000002
1 0.7857142857142857 0.5033482142857143 0.15178571428571427 0.19419642857142858
0 0.9041316964285714 0.41073883928571425 0.16540625 0.07147767857142857
0 0.8971138392857142 0.36989062500000003 0.19601339285714284 0.06120982142857143
0 0.9146004464285714 0.3318928571428571 0.1595580357142857 0.047714285714285716
0 0.9473348214285714 0.3062745535714286 0.10002678571428571 0.03219196428571429
3 0.7020089285714286 0.09709821428571429 0.011160714285714286 0.04241071428571429
3 0.7801339285714286 0.09263392857142858 0.015625 0.015625
1 0.3872767857142857 0.08816964285714286 0.08705357142857142 0.05133928571428571
1 0.3158482142857143 0.08816964285714286 0.04241071428571429 0.05133928571428571
1 0.2689732142857143 0.07700892857142858 0.046875 0.05580357142857143
1 0.23214285714285715 0.06584821428571429 0.044642857142857144 0.060267857142857144
1 0.1875 0.06919642857142858 0.044642857142857144 0.05803571428571429
3 0.8861607142857143 0.08705357142857142 0.03125 0.03125
1 0.17522321428571427 0.8504464285714286 0.27901785714285715 0.29017857142857145
1 0.38950892857142855 0.7477678571428571 0.19866071428571427 0.20089285714285715
1 0.5033482142857143 0.6116071428571429 0.140625 0.1875
0 0.6102991071428571 0.6083973214285715 0.22952678571428572 0.13643750000000002
1 0.7857142857142857 0.5033482142857143 0.15178571428571427 0.19419642857142858
0 0.9041316964285714 0.41073883928571425 0.16540625 0.07147767857142857
0 0.8971138392857142 0.36989062500000003 0.19601339285714284 0.06120982142857143
0 0.9146004464285714 0.3318928571428571 0.1595580357142857 0.047714285714285716
0 0.9473348214285714 0.3062745535714286 0.10002678571428571 0.03219196428571429
3 0.7020089285714286 0.09709821428571429 0.011160714285714286 0.04241071428571429
3 0.7801339285714286 0.09263392857142858 0.015625 0.015625
1 0.3872767857142857 0.08816964285714286 0.08705357142857142 0.05133928571428571
1 0.3158482142857143 0.08816964285714286 0.04241071428571429 0.05133928571428571
1 0.2689732142857143 0.07700892857142858 0.046875 0.05580357142857143
1 0.23214285714285715 0.06584821428571429 0.044642857142857144 0.060267857142857144
1 0.1875 0.06919642857142858 0.044642857142857144 0.05803571428571429
3 0.8861607142857143 0.08705357142857142 0.03125 0.03125
1 0.17522321428571427 0.8504464285714286 0.27901785714285715 0.29017857142857145
1 0.38950892857142855 0.7477678571428571 0.19866071428571427 0.20089285714285715
1 0.5033482142857143 0.6116071428571429 0.140625 0.1875
0 0.6102991071428571 0.6083973214285715 0.22952678571428572 0.13643750000000002
1 0.7857142857142857 0.5033482142857143 0.15178571428571427 0.19419642857142858
0 0.9041316964285714 0.41073883928571425 0.16540625 0.07147767857142857
0 0.8971138392857142 0.36989062500000003 0.19601339285714284 0.06120982142857143
0 0.9146004464285714 0.3318928571428571 0.1595580357142857 0.047714285714285716
0 0.9473348214285714 0.3062745535714286 0.10002678571428571 0.03219196428571429
3 0.7020089285714286 0.09709821428571429 0.011160714285714286 0.04241071428571429
3 0.7801339285714286 0.09263392857142858 0.015625 0.015625
1 0.3872767857142857 0.08816964285714286 0.08705357142857142 0.05133928571428571
1 0.3158482142857143 0.08816964285714286 0.04241071428571429 0.05133928571428571
1 0.2689732142857143 0.07700892857142858 0.046875 0.05580357142857143
1 0.23214285714285715 0.06584821428571429 0.044642857142857144 0.060267857142857144
1 0.1875 0.06919642857142858 0.044642857142857144 0.05803571428571429
3 0.8861607142857143 0.08705357142857142 0.03125 0.03125
1 0.17522321428571427 0.8504464285714286 0.27901785714285715 0.29017857142857145
1 0.38950892857142855 0.7477678571428571 0.19866071428571427 0.20089285714285715
1 0.5033482142857143 0.6116071428571429 0.140625 0.1875
0 0.6102991071428571 0.6083973214285715 0.22952678571428572 0.13643750000000002
1 0.7857142857142857 0.5033482142857143 0.15178571428571427 0.19419642857142858
0 0.9041316964285714 0.41073883928571425 0.16540625 0.07147767857142857
0 0.8971138392857142 0.36989062500000003 0.19601339285714284 0.06120982142857143
0 0.9146004464285714 0.3318928571428571 0.1595580357142857 0.047714285714285716
0 0.9473348214285714 0.3062745535714286 0.10002678571428571 0.03219196428571429
3 0.7020089285714286 0.09709821428571429 0.011160714285714286 0.04241071428571429
3 0.7801339285714286 0.09263392857142858 0.015625 0.015625
1 0.3872767857142857 0.08816964285714286 0.08705357142857142 0.05133928571428571
1 0.3158482142857143 0.08816964285714286 0.04241071428571429 0.05133928571428571
1 0.2689732142857143 0.07700892857142858 0.046875 0.05580357142857143
1 0.23214285714285715 0.06584821428571429 0.044642857142857144 0.060267857142857144
1 0.1875 0.06919642857142858 0.044642857142857144 0.05803571428571429
3 0.8861607142857143 0.08705357142857142 0.03125 0.03125
1 0.17522321428571427 0.8504464285714286 0.27901785714285715 0.29017857142857145
1 0.38950892857142855 0.7477678571428571 0.19866071428571427 0.20089285714285715
1 0.5033482142857143 0.6116071428571429 0.140625 0.1875
0 0.6102991071428571 0.6083973214285715 0.22952678571428572 0.13643750000000002
1 0.7857142857142857 0.5033482142857143 0.15178571428571427 0.19419642857142858
0 0.9041316964285714 0.41073883928571425 0.16540625 0.07147767857142857
0 0.8971138392857142 0.36989062500000003 0.19601339285714284 0.06120982142857143
0 0.9146004464285714 0.3318928571428571 0.1595580357142857 0.047714285714285716
0 0.9473348214285714 0.3062745535714286 0.10002678571428571 0.03219196428571429
