0 0.278984375 0.5857678571428571 0.2186830357142857 0.14475
0 0.17691294642857144 0.37956026785714286 0.09489732142857144 0.018049107142857145
1 0.7901785714285714 0.5814732142857143 0.20535714285714285 0.2611607142857143
1 0.6116071428571429 0.6116071428571429 0.14285714285714285 0.24107142857142858
1 0.13169642857142858 0.5591517857142857 0.12053571428571429 0.171875
1 0.43433258928571433 0.5867991071428572 0.18116517857142858 0.2360982142857143
1 0.11090848214285713 0.37575223214285713 0.11467410714285715 0.10864732142857143
1 0.05675669642857143 0.4119308035714286 0.11351339285714286 0.11850446428571429
1 0.21630580357142856 0.3464330357142857 0.06654017857142856 0.0589375
0 0.9297678571428571 0.5961473214285714 0.13632142857142857 0.15658035714285715
0 0.278984375 0.5857678571428571 0.2186830357142857 0.14475
0 0.17691294642857144 0.37956026785714286 0.09489732142857144 0.018049107142857145
1 0.7901785714285714 0.5814732142857143 0.20535714285714285 0.2611607142857143
1 0.6116071428571429 0.6116071428571429 0.14285714285714285 0.24107142857142858
1 0.13169642857142858 0.5591517857142857 0.12053571428571429 0.171875
1 0.43433258928571433 0.5867991071428572 0.18116517857142858 0.2360982142857143
1 0.11090848214285713 0.37575223214285713 0.11467410714285715 0.10864732142857143
1 0.05675669642857143 0.4119308035714286 0.11351339285714286 0.11850446428571429
1 0.21630580357142856 0.3464330357142857 0.06654017857142856 0.0589375
0 0.9297678571428571 0.5961473214285714 0.13632142857142857 0.15658035714285715
0 0.278984375 0.5857678571428571 0.2186830357142857 0.14475
0 0.17691294642857144 0.37956026785714286 0.09489732142857144 0.018049107142857145
1 0.7901785714285714 0.5814732142857143 0.20535714285714285 0.2611607142857143
1 0.6116071428571429 0.6116071428571429 0.14285714285714285 0.24107142857142858
1 0.13169642857142858 0.5591517857142857 0.12053571428571429 0.171875
1 0.43433258928571433 0.5867991071428572 0.18116517857142858 0.2360982142857143
1 0.11090848214285713 0.37575223214285713 0.11467410714285715 0.10864732142857143
1 0.05675669642857143 0.4119308035714286 0.11351339285714286 0.11850446428571429
1 0.21630580357142856 0.3464330357142857 0.06654017857142856 0.0589375
0 0.9297678571428571 0.5961473214285714 0.13632142857142857 0.15658035714285715
0 0.278984375 0.5857678571428571 0.2186830357142857 0.14475
0 0.17691294642857144 0.37956026785714286 0.09489732142857144 0.018049107142857145
1 0.7901785714285714 0.5814732142857143 0.20535714285714285 0.2611607142857143
1 0.6116071428571429 0.6116071428571429 0.14285714285714285 0.24107142857142858
1 0.13169642857142858 0.5591517857142857 0.12053571428571429 0.171875
1 0.43433258928571433 0.5867991071428572 0.18116517857142858 0.2360982142857143
1 0.11090848214285713 0.37575223214285713 0.11467410714285715 0.10864732142857143
1 0.05675669642857143 0.4119308035714286 0.11351339285714286 0.11850446428571429
1 0.21630580357142856 0.3464330357142857 0.06654017857142856 0.0589375
0 0.9297678571428571 0.5961473214285714 0.13632142857142857 0.15658035714285715
0 0.278984375 0.5857678571428571 0.2186830357142857 0.14475
0 0.17691294642857144 0.37956026785714286 0.09489732142857144 0.018049107142857145
1 0.7901785714285714 0.5814732142857143 0.20535714285714285 0.2611607142857143
1 0.6116071428571429 0.6116071428571429 0.14285714285714285 0.24107142857142858
1 0.13169642857142858 0.5591517857142857 0.12053571428571429 0.171875
1 0.43433258928571433 0.5867991071428572 0.18116517857142858 0.2360982142857143
1 0.11090848214285713 0.37575223214285713 0.11467410714285715 0.10864732142857143
1 0.05675669642857143 0.4119308035714286 0.11351339285714286 0.11850446428571429
1 0.21630580357142856 0.3464330357142857 0.06654017857142856 0.0589375
0 0.9297678571428571 0.5961473214285714 0.13632142857142857 0.15658035714285715
