1 0.10379464285714286 0.5982142857142857 0.06473214285714286 0.0625
1 0.17633928571428573 0.5881696428571429 0.06696428571428571 0.05133928571428571
0 0.22711607142857143 0.6179017857142857 0.07923214285714286 0.039375
1 0.29017857142857145 0.6026785714285714 0.0625 0.05357142857142857
1 0.3549107142857143 0.5982142857142857 0.05803571428571429 0.0625
1 0.4140625 0.6004464285714286 0.05133928571428571 0.05803571428571429
1 0.4799107142857143 0.5993303571428571 0.049107142857142856 0.05580357142857143
1 0.5424107142857143 0.5993303571428571 0.05803571428571429 0.05580357142857143
1 0.6328125 0.6729910714285714 0.11383928571428571 0.08705357142857142
1 0.6127232142857143 0.5948660714285714 0.06473214285714286 0.03794642857142857
1 0.7533482142857143 0.6830357142857143 0.11383928571428571 0.09821428571428571
1 0.6763392857142857 0.5948660714285714 0.049107142857142856 0.046875
1 0.7421875 0.5926339285714286 0.07366071428571429 0.06919642857142858
1 0.10379464285714286 0.5982142857142857 0.06473214285714286 0.0625
1 0.17633928571428573 0.5881696428571429 0.06696428571428571 0.05133928571428571
0 0.22711607142857143 0.6179017857142857 0.07923214285714286 0.039375
1 0.29017857142857145 0.6026785714285714 0.0625 0.05357142857142857
1 0.3549107142857143 0.5982142857142857 0.05803571428571429 0.0625
1 0.4140625 0.6004464285714286 0.05133928571428571 0.05803571428571429
1 0.4799107142857143 0.5993303571428571 0.049107142857142856 0.05580357142857143
1 0.5424107142857143 0.5993303571428571 0.05803571428571429 0.05580357142857143
1 0.6328125 0.6729910714285714 0.11383928571428571 0.08705357142857142
1 0.6127232142857143 0.5948660714285714 0.06473214285714286 0.03794642857142857
1 0.7533482142857143 0.6830357142857143 0.11383928571428571 0.09821428571428571
1 0.6763392857142857 0.5948660714285714 0.049107142857142856 0.046875
1 0.7421875 0.5926339285714286 0.07366071428571429 0.06919642857142858
1 0.10379464285714286 0.5982142857142857 0.06473214285714286 0.0625
1 0.17633928571428573 0.5881696428571429 0.06696428571428571 0.05133928571428571
0 0.22711607142857143 0.6179017857142857 0.07923214285714286 0.039375
1 0.29017857142857145 0.6026785714285714 0.0625 0.05357142857142857
1 0.3549107142857143 0.5982142857142857 0.05803571428571429 0.0625
1 0.4140625 0.6004464285714286 0.05133928571428571 0.05803571428571429
1 0.4799107142857143 0.5993303571428571 0.049107142857142856 0.05580357142857143
1 0.5424107142857143 0.5993303571428571 0.05803571428571429 0.05580357142857143
1 0.6328125 0.6729910714285714 0.11383928571428571 0.08705357142857142
1 0.6127232142857143 0.5948660714285714 0.06473214285714286 0.03794642857142857
1 0.7533482142857143 0.6830357142857143 0.11383928571428571 0.09821428571428571
1 0.6763392857142857 0.5948660714285714 0.049107142857142856 0.046875
1 0.7421875 0.5926339285714286 0.07366071428571429 0.06919642857142858
1 0.10379464285714286 0.5982142857142857 0.06473214285714286 0.0625
1 0.17633928571428573 0.5881696428571429 0.06696428571428571 0.05133928571428571
0 0.22711607142857143 0.6179017857142857 0.07923214285714286 0.039375
1 0.29017857142857145 0.6026785714285714 0.0625 0.05357142857142857
1 0.3549107142857143 0.5982142857142857 0.05803571428571429 0.0625
1 0.4140625 0.6004464285714286 0.05133928571428571 0.05803571428571429
1 0.4799107142857143 0.5993303571428571 0.049107142857142856 0.05580357142857143
1 0.5424107142857143 0.5993303571428571 0.05803571428571429 0.05580357142857143
1 0.6328125 0.6729910714285714 0.11383928571428571 0.08705357142857142
1 0.6127232142857143 0.5948660714285714 0.06473214285714286 0.03794642857142857
1 0.7533482142857143 0.6830357142857143 0.11383928571428571 0.09821428571428571
1 0.6763392857142857 0.5948660714285714 0.049107142857142856 0.046875
1 0.7421875 0.5926339285714286 0.07366071428571429 0.06919642857142858
1 0.10379464285714286 0.5982142857142857 0.06473214285714286 0.0625
1 0.17633928571428573 0.5881696428571429 0.06696428571428571 0.05133928571428571
0 0.22711607142857143 0.6179017857142857 0.07923214285714286 0.039375
1 0.29017857142857145 0.6026785714285714 0.0625 0.05357142857142857
1 0.3549107142857143 0.5982142857142857 0.05803571428571429 0.0625
1 0.4140625 0.6004464285714286 0.05133928571428571 0.05803571428571429
1 0.4799107142857143 0.5993303571428571 0.049107142857142856 0.05580357142857143
1 0.5424107142857143 0.5993303571428571 0.05803571428571429 0.05580357142857143
1 0.6328125 0.6729910714285714 0.11383928571428571 0.08705357142857142
1 0.6127232142857143 0.5948660714285714 0.06473214285714286 0.03794642857142857
1 0.7533482142857143 0.6830357142857143 0.11383928571428571 0.09821428571428571
1 0.6763392857142857 0.5948660714285714 0.049107142857142856 0.046875
1 0.7421875 0.5926339285714286 0.07366071428571429 0.06919642857142858
