1 0.5290178571428571 0.7243303571428571 0.22767857142857142 0.27901785714285715
1 0.8113839285714286 0.7366071428571429 0.24776785714285715 0.2767857142857143
0 0.21157142857142858 0.8002165178571429 0.36064285714285715 0.12721875
1 0.6015625 0.5803571428571429 0.078125 0.0625
1 0.6986607142857143 0.5747767857142857 0.08482142857142858 0.078125
1 0.8024553571428571 0.5758928571428571 0.09598214285714286 0.0625
1 0.5290178571428571 0.7243303571428571 0.22767857142857142 0.27901785714285715
1 0.8113839285714286 0.7366071428571429 0.24776785714285715 0.2767857142857143
0 0.21157142857142858 0.8002165178571429 0.36064285714285715 0.12721875
1 0.6015625 0.5803571428571429 0.078125 0.0625
1 0.6986607142857143 0.5747767857142857 0.08482142857142858 0.078125
1 0.8024553571428571 0.5758928571428571 0.09598214285714286 0.0625
1 0.5290178571428571 0.7243303571428571 0.22767857142857142 0.27901785714285715
1 0.8113839285714286 0.7366071428571429 0.24776785714285715 0.2767857142857143
0 0.21157142857142858 0.8002165178571429 0.36064285714285715 0.12721875
1 0.6015625 0.5803571428571429 0.078125 0.0625
1 0.6986607142857143 0.5747767857142857 0.08482142857142858 0.078125
1 0.8024553571428571 0.5758928571428571 0.09598214285714286 0.0625
1 0.5290178571428571 0.7243303571428571 0.22767857142857142 0.27901785714285715
1 0.8113839285714286 0.7366071428571429 0.24776785714285715 0.2767857142857143
0 0.21157142857142858 0.8002165178571429 0.36064285714285715 0.12721875
1 0.6015625 0.5803571428571429 0.078125 0.0625
1 0.6986607142857143 0.5747767857142857 0.08482142857142858 0.078125
1 0.8024553571428571 0.5758928571428571 0.09598214285714286 0.0625
1 0.5290178571428571 0.7243303571428571 0.22767857142857142 0.27901785714285715
1 0.8113839285714286 0.7366071428571429 0.24776785714285715 0.2767857142857143
0 0.21157142857142858 0.8002165178571429 0.36064285714285715 0.12721875
1 0.6015625 0.5803571428571429 0.078125 0.0625
1 0.6986607142857143 0.5747767857142857 0.08482142857142858 0.078125
1 0.8024553571428571 0.5758928571428571 0.09598214285714286 0.0625
