1 0.44050446428571427 0.4969910714285714 0.12208035714285714 0.11005357142857143
1 0.29507366071428576 0.4110223214285714 0.08121875 0.08097321428571429
1 0.368359375 0.4075736607142857 0.05814732142857143 0.05621875
1 0.4303794642857143 0.4020133928571429 0.0571875 0.07188392857142857
0 0.5275044642857143 0.5106964285714286 0.0996517857142857 0.057107142857142856
1 0.4830178571428571 0.39657589285714284 0.08210714285714285 0.08779464285714286
1 0.6011629464285715 0.470359375 0.10411160714285715 0.10143303571428572
1 0.6737299107142858 0.45733258928571424 0.10638839285714285 0.08430803571428572
1 0.588252232142857 0.38657142857142857 0.08721875 0.07671428571428572
1 0.7500267857142857 0.4525669642857143 0.0804107142857143 0.06584821428571429
1 0.44050446428571427 0.4969910714285714 0.12208035714285714 0.11005357142857143
1 0.29507366071428576 0.4110223214285714 0.08121875 0.08097321428571429
1 0.368359375 0.4075736607142857 0.05814732142857143 0.05621875
1 0.4303794642857143 0.4020133928571429 0.0571875 0.07188392857142857
0 0.5275044642857143 0.5106964285714286 0.0996517857142857 0.057107142857142856
1 0.4830178571428571 0.39657589285714284 0.08210714285714285 0.08779464285714286
1 0.6011629464285715 0.470359375 0.10411160714285715 0.10143303571428572
1 0.6737299107142858 0.45733258928571424 0.10638839285714285 0.08430803571428572
1 0.588252232142857 0.38657142857142857 0.08721875 0.07671428571428572
1 0.7500267857142857 0.4525669642857143 0.0804107142857143 0.06584821428571429
1 0.44050446428571427 0.4969910714285714 0.12208035714285714 0.11005357142857143
1 0.29507366071428576 0.4110223214285714 0.08121875 0.08097321428571429
1 0.368359375 0.4075736607142857 0.05814732142857143 0.05621875
1 0.4303794642857143 0.4020133928571429 0.0571875 0.07188392857142857
0 0.5275044642857143 0.5106964285714286 0.0996517857142857 0.057107142857142856
1 0.4830178571428571 0.39657589285714284 0.08210714285714285 0.08779464285714286
1 0.6011629464285715 0.470359375 0.10411160714285715 0.10143303571428572
1 0.6737299107142858 0.45733258928571424 0.10638839285714285 0.08430803571428572
1 0.588252232142857 0.38657142857142857 0.08721875 0.07671428571428572
1 0.7500267857142857 0.4525669642857143 0.0804107142857143 0.06584821428571429
1 0.44050446428571427 0.4969910714285714 0.12208035714285714 0.11005357142857143
1 0.29507366071428576 0.4110223214285714 0.08121875 0.08097321428571429
1 0.368359375 0.4075736607142857 0.05814732142857143 0.05621875
1 0.4303794642857143 0.4020133928571429 0.0571875 0.07188392857142857
0 0.5275044642857143 0.5106964285714286 0.0996517857142857 0.057107142857142856
1 0.4830178571428571 0.39657589285714284 0.08210714285714285 0.08779464285714286
1 0.6011629464285715 0.470359375 0.10411160714285715 0.10143303571428572
1 0.6737299107142858 0.45733258928571424 0.10638839285714285 0.08430803571428572
1 0.588252232142857 0.38657142857142857 0.08721875 0.07671428571428572
1 0.7500267857142857 0.4525669642857143 0.0804107142857143 0.06584821428571429
1 0.44050446428571427 0.4969910714285714 0.12208035714285714 0.11005357142857143
1 0.29507366071428576 0.4110223214285714 0.08121875 0.08097321428571429
1 0.368359375 0.4075736607142857 0.05814732142857143 0.05621875
1 0.4303794642857143 0.4020133928571429 0.0571875 0.07188392857142857
0 0.5275044642857143 0.5106964285714286 0.0996517857142857 0.057107142857142856
1 0.4830178571428571 0.39657589285714284 0.08210714285714285 0.08779464285714286
1 0.6011629464285715 0.470359375 0.10411160714285715 0.10143303571428572
1 0.6737299107142858 0.45733258928571424 0.10638839285714285 0.08430803571428572
1 0.588252232142857 0.38657142857142857 0.08721875 0.07671428571428572
1 0.7500267857142857 0.4525669642857143 0.0804107142857143 0.06584821428571429
