1 0.123390625 0.38971875 0.19320982142857143 0.17229464285714285
1 0.2589464285714286 0.36888839285714287 0.16075 0.15741964285714286
1 0.3772723214285714 0.3935625 0.14740178571428572 0.17105357142857144
1 0.517046875 0.37685714285714284 0.14123660714285716 0.218
1 0.6550290178571428 0.36144196428571423 0.15827232142857145 0.18716964285714285
1 0.8089933035714285 0.36404687500000005 0.14477232142857144 0.18345089285714286
1 0.123390625 0.38971875 0.19320982142857143 0.17229464285714285
1 0.2589464285714286 0.36888839285714287 0.16075 0.15741964285714286
1 0.3772723214285714 0.3935625 0.14740178571428572 0.17105357142857144
1 0.517046875 0.37685714285714284 0.14123660714285716 0.218
1 0.6550290178571428 0.36144196428571423 0.15827232142857145 0.18716964285714285
1 0.8089933035714285 0.36404687500000005 0.14477232142857144 0.18345089285714286
1 0.123390625 0.38971875 0.19320982142857143 0.17229464285714285
1 0.2589464285714286 0.36888839285714287 0.16075 0.15741964285714286
1 0.3772723214285714 0.3935625 0.14740178571428572 0.17105357142857144
1 0.517046875 0.37685714285714284 0.14123660714285716 0.218
1 0.6550290178571428 0.36144196428571423 0.15827232142857145 0.18716964285714285
1 0.8089933035714285 0.36404687500000005 0.14477232142857144 0.18345089285714286
1 0.123390625 0.38971875 0.19320982142857143 0.17229464285714285
1 0.2589464285714286 0.36888839285714287 0.16075 0.15741964285714286
1 0.3772723214285714 0.3935625 0.14740178571428572 0.17105357142857144
1 0.517046875 0.37685714285714284 0.14123660714285716 0.218
1 0.6550290178571428 0.36144196428571423 0.15827232142857145 0.18716964285714285
1 0.8089933035714285 0.36404687500000005 0.14477232142857144 0.18345089285714286
1 0.123390625 0.38971875 0.19320982142857143 0.17229464285714285
1 0.2589464285714286 0.36888839285714287 0.16075 0.15741964285714286
1 0.3772723214285714 0.3935625 0.14740178571428572 0.17105357142857144
1 0.517046875 0.37685714285714284 0.14123660714285716 0.218
1 0.6550290178571428 0.36144196428571423 0.15827232142857145 0.18716964285714285
1 0.8089933035714285 0.36404687500000005 0.14477232142857144 0.18345089285714286
