1 0.9285714285714286 0.6529017857142857 0.13392857142857142 0.15401785714285715
1 0.8002232142857143 0.6674107142857143 0.109375 0.12053571428571429
1 0.6707589285714286 0.6529017857142857 0.11830357142857142 0.109375
1 0.5412946428571429 0.6450892857142857 0.10044642857142858 0.09375
1 0.43080357142857145 0.6350446428571429 0.10267857142857142 0.109375
1 0.31138392857142855 0.6361607142857143 0.10491071428571429 0.10267857142857142
1 0.203125 0.6194196428571429 0.09375 0.11383928571428571
1 0.109375 0.6171875 0.03125 0.11830357142857142
1 0.9285714285714286 0.6529017857142857 0.13392857142857142 0.15401785714285715
1 0.8002232142857143 0.6674107142857143 0.109375 0.12053571428571429
1 0.6707589285714286 0.6529017857142857 0.11830357142857142 0.109375
1 0.5412946428571429 0.6450892857142857 0.10044642857142858 0.09375
1 0.43080357142857145 0.6350446428571429 0.10267857142857142 0.109375
1 0.31138392857142855 0.6361607142857143 0.10491071428571429 0.10267857142857142
1 0.203125 0.6194196428571429 0.09375 0.11383928571428571
1 0.109375 0.6171875 0.03125 0.11830357142857142
1 0.9285714285714286 0.6529017857142857 0.13392857142857142 0.15401785714285715
1 0.8002232142857143 0.6674107142857143 0.109375 0.12053571428571429
1 0.6707589285714286 0.6529017857142857 0.11830357142857142 0.109375
1 0.5412946428571429 0.6450892857142857 0.10044642857142858 0.09375
1 0.43080357142857145 0.6350446428571429 0.10267857142857142 0.109375
1 0.31138392857142855 0.6361607142857143 0.10491071428571429 0.10267857142857142
1 0.203125 0.6194196428571429 0.09375 0.11383928571428571
1 0.109375 0.6171875 0.03125 0.11830357142857142
1 0.9285714285714286 0.6529017857142857 0.13392857142857142 0.15401785714285715
1 0.8002232142857143 0.6674107142857143 0.109375 0.12053571428571429
1 0.6707589285714286 0.6529017857142857 0.11830357142857142 0.109375
1 0.5412946428571429 0.6450892857142857 0.10044642857142858 0.09375
1 0.43080357142857145 0.6350446428571429 0.10267857142857142 0.109375
1 0.31138392857142855 0.6361607142857143 0.10491071428571429 0.10267857142857142
1 0.203125 0.6194196428571429 0.09375 0.11383928571428571
1 0.109375 0.6171875 0.03125 0.11830357142857142
1 0.9285714285714286 0.6529017857142857 0.13392857142857142 0.15401785714285715
1 0.8002232142857143 0.6674107142857143 0.109375 0.12053571428571429
1 0.6707589285714286 0.6529017857142857 0.11830357142857142 0.109375
1 0.5412946428571429 0.6450892857142857 0.10044642857142858 0.09375
1 0.43080357142857145 0.6350446428571429 0.10267857142857142 0.109375
1 0.31138392857142855 0.6361607142857143 0.10491071428571429 0.10267857142857142
1 0.203125 0.6194196428571429 0.09375 0.11383928571428571
1 0.109375 0.6171875 0.03125 0.11830357142857142
