1 0.96875 0.5234375 0.0625 0.13616071428571427
1 0.8683035714285714 0.5290178571428571 0.12053571428571429 0.13839285714285715
1 0.7131696428571429 0.5189732142857143 0.060267857142857144 0.11830357142857142
1 0.5982142857142857 0.5267857142857143 0.11607142857142858 0.125
1 0.35044642857142855 0.5290178571428571 0.12946428571428573 0.12053571428571429
1 0.22991071428571427 0.53125 0.12053571428571429 0.14285714285714285
1 0.09598214285714286 0.515625 0.11160714285714286 0.12053571428571429
0 0.47111383928571426 0.5493705357142857 0.12079910714285715 0.06302678571428572
1 0.96875 0.5234375 0.0625 0.13616071428571427
1 0.8683035714285714 0.5290178571428571 0.12053571428571429 0.13839285714285715
1 0.7131696428571429 0.5189732142857143 0.060267857142857144 0.11830357142857142
1 0.5982142857142857 0.5267857142857143 0.11607142857142858 0.125
1 0.35044642857142855 0.5290178571428571 0.12946428571428573 0.12053571428571429
1 0.22991071428571427 0.53125 0.12053571428571429 0.14285714285714285
1 0.09598214285714286 0.515625 0.11160714285714286 0.12053571428571429
0 0.47111383928571426 0.5493705357142857 0.12079910714285715 0.06302678571428572
1 0.96875 0.5234375 0.0625 0.13616071428571427
1 0.8683035714285714 0.5290178571428571 0.12053571428571429 0.13839285714285715
1 0.7131696428571429 0.5189732142857143 0.060267857142857144 0.11830357142857142
1 0.5982142857142857 0.5267857142857143 0.11607142857142858 0.125
1 0.35044642857142855 0.5290178571428571 0.12946428571428573 0.12053571428571429
1 0.22991071428571427 0.53125 0.12053571428571429 0.14285714285714285
1 0.09598214285714286 0.515625 0.11160714285714286 0.12053571428571429
0 0.47111383928571426 0.5493705357142857 0.12079910714285715 0.06302678571428572
1 0.96875 0.5234375 0.0625 0.13616071428571427
1 0.8683035714285714 0.5290178571428571 0.12053571428571429 0.13839285714285715
1 0.7131696428571429 0.5189732142857143 0.060267857142857144 0.11830357142857142
1 0.5982142857142857 0.5267857142857143 0.11607142857142858 0.125
1 0.35044642857142855 0.5290178571428571 0.12946428571428573 0.12053571428571429
1 0.22991071428571427 0.53125 0.12053571428571429 0.14285714285714285
1 0.09598214285714286 0.515625 0.11160714285714286 0.12053571428571429
0 0.47111383928571426 0.5493705357142857 0.12079910714285715 0.06302678571428572
1 0.96875 0.5234375 0.0625 0.13616071428571427
1 0.8683035714285714 0.5290178571428571 0.12053571428571429 0.13839285714285715
1 0.7131696428571429 0.5189732142857143 0.060267857142857144 0.11830357142857142
1 0.5982142857142857 0.5267857142857143 0.11607142857142858 0.125
1 0.35044642857142855 0.5290178571428571 0.12946428571428573 0.12053571428571429
1 0.22991071428571427 0.53125 0.12053571428571429 0.14285714285714285
1 0.09598214285714286 0.515625 0.11160714285714286 0.12053571428571429
0 0.47111383928571426 0.5493705357142857 0.12079910714285715 0.06302678571428572
