1 0.7671428571428571 0.48624330357142853 0.45392857142857146 0.2849866071428572
1 0.5435625000000001 0.4662388392857143 0.43533928571428576 0.2896205357142857
1 0.16959151785714285 0.4504464285714286 0.3391830357142857 0.23124999999999998
0 0.2215825892857143 0.5402611607142858 0.40745089285714287 0.08052232142857142
0 0.30652678571428577 0.5703928571428571 0.3005535714285714 0.06042857142857143
1 0.7671428571428571 0.48624330357142853 0.45392857142857146 0.2849866071428572
1 0.5435625000000001 0.4662388392857143 0.43533928571428576 0.2896205357142857
1 0.16959151785714285 0.4504464285714286 0.3391830357142857 0.23124999999999998
0 0.2215825892857143 0.5402611607142858 0.40745089285714287 0.08052232142857142
0 0.30652678571428577 0.5703928571428571 0.3005535714285714 0.06042857142857143
1 0.7671428571428571 0.48624330357142853 0.45392857142857146 0.2849866071428572
1 0.5435625000000001 0.4662388392857143 0.43533928571428576 0.2896205357142857
1 0.16959151785714285 0.4504464285714286 0.3391830357142857 0.23124999999999998
0 0.2215825892857143 0.5402611607142858 0.40745089285714287 0.08052232142857142
0 0.30652678571428577 0.5703928571428571 0.3005535714285714 0.06042857142857143
1 0.7671428571428571 0.48624330357142853 0.45392857142857146 0.2849866071428572
1 0.5435625000000001 0.4662388392857143 0.43533928571428576 0.2896205357142857
1 0.16959151785714285 0.4504464285714286 0.3391830357142857 0.23124999999999998
0 0.2215825892857143 0.5402611607142858 0.40745089285714287 0.08052232142857142
0 0.30652678571428577 0.5703928571428571 0.3005535714285714 0.06042857142857143
1 0.7671428571428571 0.48624330357142853 0.45392857142857146 0.2849866071428572
1 0.5435625000000001 0.4662388392857143 0.43533928571428576 0.2896205357142857
1 0.16959151785714285 0.4504464285714286 0.3391830357142857 0.23124999999999998
0 0.2215825892857143 0.5402611607142858 0.40745089285714287 0.08052232142857142
0 0.30652678571428577 0.5703928571428571 0.3005535714285714 0.06042857142857143
