1 0.6667767857142858 0.5224040178571429 0.262125 0.25016517857142856
1 0.8493861607142856 0.5262142857142857 0.23448660714285713 0.22207142857142856
1 0.47397991071428575 0.5130691964285714 0.2158169642857143 0.17792410714285714
1 0.3207946428571429 0.4988303571428571 0.230875 0.19408928571428571
1 0.17553348214285716 0.4865 0.24392410714285714 0.17835714285714285
1 0.07272321428571428 0.47455803571428573 0.13651785714285714 0.17233035714285713
1 0.9680223214285714 0.5449888392857143 0.06104464285714285 0.17926339285714285
1 0.6667767857142858 0.5224040178571429 0.262125 0.25016517857142856
1 0.8493861607142856 0.5262142857142857 0.23448660714285713 0.22207142857142856
1 0.47397991071428575 0.5130691964285714 0.2158169642857143 0.17792410714285714
1 0.3207946428571429 0.4988303571428571 0.230875 0.19408928571428571
1 0.17553348214285716 0.4865 0.24392410714285714 0.17835714285714285
1 0.07272321428571428 0.47455803571428573 0.13651785714285714 0.17233035714285713
1 0.9680223214285714 0.5449888392857143 0.06104464285714285 0.17926339285714285
1 0.6667767857142858 0.5224040178571429 0.262125 0.25016517857142856
1 0.8493861607142856 0.5262142857142857 0.23448660714285713 0.22207142857142856
1 0.47397991071428575 0.5130691964285714 0.2158169642857143 0.17792410714285714
1 0.3207946428571429 0.4988303571428571 0.230875 0.19408928571428571
1 0.17553348214285716 0.4865 0.24392410714285714 0.17835714285714285
1 0.07272321428571428 0.47455803571428573 0.13651785714285714 0.17233035714285713
1 0.9680223214285714 0.5449888392857143 0.06104464285714285 0.17926339285714285
1 0.6667767857142858 0.5224040178571429 0.262125 0.25016517857142856
1 0.8493861607142856 0.5262142857142857 0.23448660714285713 0.22207142857142856
1 0.47397991071428575 0.5130691964285714 0.2158169642857143 0.17792410714285714
1 0.3207946428571429 0.4988303571428571 0.230875 0.19408928571428571
1 0.17553348214285716 0.4865 0.24392410714285714 0.17835714285714285
1 0.07272321428571428 0.47455803571428573 0.13651785714285714 0.17233035714285713
1 0.9680223214285714 0.5449888392857143 0.06104464285714285 0.17926339285714285
1 0.6667767857142858 0.5224040178571429 0.262125 0.25016517857142856
1 0.8493861607142856 0.5262142857142857 0.23448660714285713 0.22207142857142856
1 0.47397991071428575 0.5130691964285714 0.2158169642857143 0.17792410714285714
1 0.3207946428571429 0.4988303571428571 0.230875 0.19408928571428571
1 0.17553348214285716 0.4865 0.24392410714285714 0.17835714285714285
1 0.07272321428571428 0.47455803571428573 0.13651785714285714 0.17233035714285713
1 0.9680223214285714 0.5449888392857143 0.06104464285714285 0.17926339285714285
