0 0.09719196428571429 0.6346049107142857 0.14974107142857143 0.07278125
1 0.22270758928571427 0.6003839285714285 0.13291517857142857 0.1293392857142857
1 0.329578125 0.608825892857143 0.14129910714285715 0.1194375
1 0.44511607142857146 0.6016450892857143 0.122375 0.10507589285714285
1 0.6639352678571429 0.6136941964285715 0.11358482142857143 0.13810267857142858
1 0.8278928571428572 0.7327723214285714 0.17364285714285715 0.17983035714285714
1 0.7936517857142856 0.605703125 0.10516071428571429 0.08640625
1 0.9013370535714286 0.5979575892857143 0.13303125 0.07091517857142857
1 0.051941964285714286 0.5967410714285714 0.10388392857142857 0.09526785714285714
1 0.9611696428571428 0.753 0.074125 0.17564285714285716
3 0.5592522321428571 0.6832745535714285 0.11850446428571429 0.25940625
0 0.09719196428571429 0.6346049107142857 0.14974107142857143 0.07278125
1 0.22270758928571427 0.6003839285714285 0.13291517857142857 0.1293392857142857
1 0.329578125 0.608825892857143 0.14129910714285715 0.1194375
1 0.44511607142857146 0.6016450892857143 0.122375 0.10507589285714285
1 0.6639352678571429 0.6136941964285715 0.11358482142857143 0.13810267857142858
1 0.8278928571428572 0.7327723214285714 0.17364285714285715 0.17983035714285714
1 0.7936517857142856 0.605703125 0.10516071428571429 0.08640625
1 0.9013370535714286 0.5979575892857143 0.13303125 0.07091517857142857
1 0.051941964285714286 0.5967410714285714 0.10388392857142857 0.09526785714285714
1 0.9611696428571428 0.753 0.074125 0.17564285714285716
3 0.5592522321428571 0.6832745535714285 0.11850446428571429 0.25940625
0 0.09719196428571429 0.6346049107142857 0.14974107142857143 0.07278125
1 0.22270758928571427 0.6003839285714285 0.13291517857142857 0.1293392857142857
1 0.329578125 0.608825892857143 0.14129910714285715 0.1194375
1 0.44511607142857146 0.6016450892857143 0.122375 0.10507589285714285
1 0.6639352678571429 0.6136941964285715 0.11358482142857143 0.13810267857142858
1 0.8278928571428572 0.7327723214285714 0.17364285714285715 0.17983035714285714
1 0.7936517857142856 0.605703125 0.10516071428571429 0.08640625
1 0.9013370535714286 0.5979575892857143 0.13303125 0.07091517857142857
1 0.051941964285714286 0.5967410714285714 0.10388392857142857 0.09526785714285714
1 0.9611696428571428 0.753 0.074125 0.17564285714285716
3 0.5592522321428571 0.6832745535714285 0.11850446428571429 0.25940625
0 0.09719196428571429 0.6346049107142857 0.14974107142857143 0.07278125
1 0.22270758928571427 0.6003839285714285 0.13291517857142857 0.1293392857142857
1 0.329578125 0.608825892857143 0.14129910714285715 0.1194375
1 0.44511607142857146 0.6016450892857143 0.122375 0.10507589285714285
1 0.6639352678571429 0.6136941964285715 0.11358482142857143 0.13810267857142858
1 0.8278928571428572 0.7327723214285714 0.17364285714285715 0.17983035714285714
1 0.7936517857142856 0.605703125 0.10516071428571429 0.08640625
1 0.9013370535714286 0.5979575892857143 0.13303125 0.07091517857142857
1 0.051941964285714286 0.5967410714285714 0.10388392857142857 0.09526785714285714
1 0.9611696428571428 0.753 0.074125 0.17564285714285716
3 0.5592522321428571 0.6832745535714285 0.11850446428571429 0.25940625
0 0.09719196428571429 0.6346049107142857 0.14974107142857143 0.07278125
1 0.22270758928571427 0.6003839285714285 0.13291517857142857 0.1293392857142857
1 0.329578125 0.608825892857143 0.14129910714285715 0.1194375
1 0.44511607142857146 0.6016450892857143 0.122375 0.10507589285714285
1 0.6639352678571429 0.6136941964285715 0.11358482142857143 0.13810267857142858
1 0.8278928571428572 0.7327723214285714 0.17364285714285715 0.17983035714285714
1 0.7936517857142856 0.605703125 0.10516071428571429 0.08640625
1 0.9013370535714286 0.5979575892857143 0.13303125 0.07091517857142857
1 0.051941964285714286 0.5967410714285714 0.10388392857142857 0.09526785714285714
1 0.9611696428571428 0.753 0.074125 0.17564285714285716
3 0.5592522321428571 0.6832745535714285 0.11850446428571429 0.25940625
