1 0.08035714285714286 0.5680803571428571 0.13392857142857142 0.12723214285714285
1 0.22098214285714285 0.5524553571428571 0.10267857142857142 0.12276785714285714
1 0.38839285714285715 0.5558035714285714 0.11607142857142858 0.12946428571428573
1 0.5133928571428571 0.5558035714285714 0.10714285714285714 0.12946428571428573
1 0.6540178571428571 0.5345982142857143 0.11160714285714286 0.10491071428571429
1 0.765625 0.5301339285714286 0.09375 0.09598214285714286
1 0.8872767857142857 0.5167410714285714 0.11383928571428571 0.11383928571428571
0 0.6017477678571428 0.7619040178571428 0.2659955357142857 0.10416517857142857
0 0.4298125 0.7757946428571428 0.22569642857142855 0.11408928571428571
1 0.8404017857142857 0.6908482142857143 0.15401785714285715 0.17633928571428573
1 0.24107142857142858 0.7667410714285714 0.16964285714285715 0.17633928571428573
3 0.47433035714285715 0.6919642857142857 0.03794642857142857 0.044642857142857144
3 0.5200892857142857 0.7020089285714286 0.03125 0.03794642857142857
1 0.08035714285714286 0.5680803571428571 0.13392857142857142 0.12723214285714285
1 0.22098214285714285 0.5524553571428571 0.10267857142857142 0.12276785714285714
1 0.38839285714285715 0.5558035714285714 0.11607142857142858 0.12946428571428573
1 0.5133928571428571 0.5558035714285714 0.10714285714285714 0.12946428571428573
1 0.6540178571428571 0.5345982142857143 0.11160714285714286 0.10491071428571429
1 0.765625 0.5301339285714286 0.09375 0.09598214285714286
1 0.8872767857142857 0.5167410714285714 0.11383928571428571 0.11383928571428571
0 0.6017477678571428 0.7619040178571428 0.2659955357142857 0.10416517857142857
0 0.4298125 0.7757946428571428 0.22569642857142855 0.11408928571428571
1 0.8404017857142857 0.6908482142857143 0.15401785714285715 0.17633928571428573
1 0.24107142857142858 0.7667410714285714 0.16964285714285715 0.17633928571428573
3 0.47433035714285715 0.6919642857142857 0.03794642857142857 0.044642857142857144
3 0.5200892857142857 0.7020089285714286 0.03125 0.03794642857142857
1 0.08035714285714286 0.5680803571428571 0.13392857142857142 0.12723214285714285
1 0.22098214285714285 0.5524553571428571 0.10267857142857142 0.12276785714285714
1 0.38839285714285715 0.5558035714285714 0.11607142857142858 0.12946428571428573
1 0.5133928571428571 0.5558035714285714 0.10714285714285714 0.12946428571428573
1 0.6540178571428571 0.5345982142857143 0.11160714285714286 0.10491071428571429
1 0.765625 0.5301339285714286 0.09375 0.09598214285714286
1 0.8872767857142857 0.5167410714285714 0.11383928571428571 0.11383928571428571
0 0.6017477678571428 0.7619040178571428 0.2659955357142857 0.10416517857142857
0 0.4298125 0.7757946428571428 0.22569642857142855 0.11408928571428571
1 0.8404017857142857 0.6908482142857143 0.15401785714285715 0.17633928571428573
1 0.24107142857142858 0.7667410714285714 0.16964285714285715 0.17633928571428573
3 0.47433035714285715 0.6919642857142857 0.03794642857142857 0.044642857142857144
3 0.5200892857142857 0.7020089285714286 0.03125 0.03794642857142857
1 0.08035714285714286 0.5680803571428571 0.13392857142857142 0.12723214285714285
1 0.22098214285714285 0.5524553571428571 0.10267857142857142 0.12276785714285714
1 0.38839285714285715 0.5558035714285714 0.11607142857142858 0.12946428571428573
1 0.5133928571428571 0.5558035714285714 0.10714285714285714 0.12946428571428573
1 0.6540178571428571 0.5345982142857143 0.11160714285714286 0.10491071428571429
1 0.765625 0.5301339285714286 0.09375 0.09598214285714286
1 0.8872767857142857 0.5167410714285714 0.11383928571428571 0.11383928571428571
0 0.6017477678571428 0.7619040178571428 0.2659955357142857 0.10416517857142857
0 0.4298125 0.7757946428571428 0.22569642857142855 0.11408928571428571
1 0.8404017857142857 0.6908482142857143 0.15401785714285715 0.17633928571428573
1 0.24107142857142858 0.7667410714285714 0.16964285714285715 0.17633928571428573
3 0.47433035714285715 0.6919642857142857 0.03794642857142857 0.044642857142857144
3 0.5200892857142857 0.7020089285714286 0.03125 0.03794642857142857
1 0.08035714285714286 0.5680803571428571 0.13392857142857142 0.12723214285714285
1 0.22098214285714285 0.5524553571428571 0.10267857142857142 0.12276785714285714
1 0.38839285714285715 0.5558035714285714 0.11607142857142858 0.12946428571428573
1 0.5133928571428571 0.5558035714285714 0.10714285714285714 0.12946428571428573
1 0.6540178571428571 0.5345982142857143 0.11160714285714286 0.10491071428571429
1 0.765625 0.5301339285714286 0.09375 0.09598214285714286
1 0.8872767857142857 0.5167410714285714 0.11383928571428571 0.11383928571428571
0 0.6017477678571428 0.7619040178571428 0.2659955357142857 0.10416517857142857
0 0.4298125 0.7757946428571428 0.22569642857142855 0.11408928571428571
1 0.8404017857142857 0.6908482142857143 0.15401785714285715 0.17633928571428573
1 0.24107142857142858 0.7667410714285714 0.16964285714285715 0.17633928571428573
3 0.47433035714285715 0.6919642857142857 0.03794642857142857 0.044642857142857144
3 0.5200892857142857 0.7020089285714286 0.03125 0.03794642857142857
