0 0.7578772321428572 0.5500111607142857 0.48004017857142856 0.2964508928571429
0 0.2772232142857143 0.5447589285714286 0.49194642857142856 0.2859464285714286
0 0.4939598214285715 0.2991651785714286 0.11291964285714286 0.0536875
1 0.7310267857142857 0.2611607142857143 0.13169642857142858 0.12053571428571429
1 0.6060267857142857 0.265625 0.11383928571428571 0.09375
1 0.3783482142857143 0.26004464285714285 0.10491071428571429 0.11830357142857142
1 0.2700892857142857 0.26450892857142855 0.09375 0.09151785714285714
0 0.7578772321428572 0.5500111607142857 0.48004017857142856 0.2964508928571429
0 0.2772232142857143 0.5447589285714286 0.49194642857142856 0.2859464285714286
0 0.4939598214285715 0.2991651785714286 0.11291964285714286 0.0536875
1 0.7310267857142857 0.2611607142857143 0.13169642857142858 0.12053571428571429
1 0.6060267857142857 0.265625 0.11383928571428571 0.09375
1 0.3783482142857143 0.26004464285714285 0.10491071428571429 0.11830357142857142
1 0.2700892857142857 0.26450892857142855 0.09375 0.09151785714285714
0 0.7578772321428572 0.5500111607142857 0.48004017857142856 0.2964508928571429
0 0.2772232142857143 0.5447589285714286 0.49194642857142856 0.2859464285714286
0 0.4939598214285715 0.2991651785714286 0.11291964285714286 0.0536875
1 0.7310267857142857 0.2611607142857143 0.13169642857142858 0.12053571428571429
1 0.6060267857142857 0.265625 0.11383928571428571 0.09375
1 0.3783482142857143 0.26004464285714285 0.10491071428571429 0.11830357142857142
1 0.2700892857142857 0.26450892857142855 0.09375 0.09151785714285714
0 0.7578772321428572 0.5500111607142857 0.48004017857142856 0.2964508928571429
0 0.2772232142857143 0.5447589285714286 0.49194642857142856 0.2859464285714286
0 0.4939598214285715 0.2991651785714286 0.11291964285714286 0.0536875
1 0.7310267857142857 0.2611607142857143 0.13169642857142858 0.12053571428571429
1 0.6060267857142857 0.265625 0.11383928571428571 0.09375
1 0.3783482142857143 0.26004464285714285 0.10491071428571429 0.11830357142857142
1 0.2700892857142857 0.26450892857142855 0.09375 0.09151785714285714
0 0.7578772321428572 0.5500111607142857 0.48004017857142856 0.2964508928571429
0 0.2772232142857143 0.5447589285714286 0.49194642857142856 0.2859464285714286
0 0.4939598214285715 0.2991651785714286 0.11291964285714286 0.0536875
1 0.7310267857142857 0.2611607142857143 0.13169642857142858 0.12053571428571429
1 0.6060267857142857 0.265625 0.11383928571428571 0.09375
1 0.3783482142857143 0.26004464285714285 0.10491071428571429 0.11830357142857142
1 0.2700892857142857 0.26450892857142855 0.09375 0.09151785714285714
