1 0.14209821428571429 0.6051160714285714 0.28419642857142857 0.2995178571428571
1 0.3107834821428571 0.606140625 0.34478125 0.27478125000000003
1 0.7007723214285715 0.5778861607142858 0.4283303571428571 0.27184375
0 0.6230803571428571 0.6741138392857142 0.29080357142857144 0.11608482142857143
1 0.8476294642857143 0.5792366071428571 0.25775892857142857 0.17633035714285714
1 0.14209821428571429 0.6051160714285714 0.28419642857142857 0.2995178571428571
1 0.3107834821428571 0.606140625 0.34478125 0.27478125000000003
1 0.7007723214285715 0.5778861607142858 0.4283303571428571 0.27184375
0 0.6230803571428571 0.6741138392857142 0.29080357142857144 0.11608482142857143
1 0.8476294642857143 0.5792366071428571 0.25775892857142857 0.17633035714285714
1 0.14209821428571429 0.6051160714285714 0.28419642857142857 0.2995178571428571
1 0.3107834821428571 0.606140625 0.34478125 0.27478125000000003
1 0.7007723214285715 0.5778861607142858 0.4283303571428571 0.27184375
0 0.6230803571428571 0.6741138392857142 0.29080357142857144 0.11608482142857143
1 0.8476294642857143 0.5792366071428571 0.25775892857142857 0.17633035714285714
1 0.14209821428571429 0.6051160714285714 0.28419642857142857 0.2995178571428571
1 0.3107834821428571 0.606140625 0.34478125 0.27478125000000003
1 0.7007723214285715 0.5778861607142858 0.4283303571428571 0.27184375
0 0.6230803571428571 0.6741138392857142 0.29080357142857144 0.11608482142857143
1 0.8476294642857143 0.5792366071428571 0.25775892857142857 0.17633035714285714
1 0.14209821428571429 0.6051160714285714 0.28419642857142857 0.2995178571428571
1 0.3107834821428571 0.606140625 0.34478125 0.27478125000000003
1 0.7007723214285715 0.5778861607142858 0.4283303571428571 0.27184375
0 0.6230803571428571 0.6741138392857142 0.29080357142857144 0.11608482142857143
1 0.8476294642857143 0.5792366071428571 0.25775892857142857 0.17633035714285714
