1 0.34375 0.5435267857142857 0.13392857142857142 0.12276785714285714
1 0.5055803571428571 0.5546875 0.14508928571428573 0.11830357142857142
1 0.65625 0.5457589285714286 0.14285714285714285 0.11830357142857142
1 0.7946428571428571 0.5446428571428571 0.125 0.14285714285714285
1 0.1640625 0.5658482142857143 0.15848214285714285 0.13169642857142858
1 0.34375 0.5435267857142857 0.13392857142857142 0.12276785714285714
1 0.5055803571428571 0.5546875 0.14508928571428573 0.11830357142857142
1 0.65625 0.5457589285714286 0.14285714285714285 0.11830357142857142
1 0.7946428571428571 0.5446428571428571 0.125 0.14285714285714285
1 0.1640625 0.5658482142857143 0.15848214285714285 0.13169642857142858
1 0.34375 0.5435267857142857 0.13392857142857142 0.12276785714285714
1 0.5055803571428571 0.5546875 0.14508928571428573 0.11830357142857142
1 0.65625 0.5457589285714286 0.14285714285714285 0.11830357142857142
1 0.7946428571428571 0.5446428571428571 0.125 0.14285714285714285
1 0.1640625 0.5658482142857143 0.15848214285714285 0.13169642857142858
1 0.34375 0.5435267857142857 0.13392857142857142 0.12276785714285714
1 0.5055803571428571 0.5546875 0.14508928571428573 0.11830357142857142
1 0.65625 0.5457589285714286 0.14285714285714285 0.11830357142857142
1 0.7946428571428571 0.5446428571428571 0.125 0.14285714285714285
1 0.1640625 0.5658482142857143 0.15848214285714285 0.13169642857142858
1 0.34375 0.5435267857142857 0.13392857142857142 0.12276785714285714
1 0.5055803571428571 0.5546875 0.14508928571428573 0.11830357142857142
1 0.65625 0.5457589285714286 0.14285714285714285 0.11830357142857142
1 0.7946428571428571 0.5446428571428571 0.125 0.14285714285714285
1 0.1640625 0.5658482142857143 0.15848214285714285 0.13169642857142858
