1 0.5145089285714286 0.2544642857142857 0.08258928571428571 0.125
1 0.4140625 0.25669642857142855 0.078125 0.12946428571428573
1 0.3158482142857143 0.25558035714285715 0.08705357142857142 0.109375
1 0.22574107142857144 0.267078125 0.13005357142857144 0.10558482142857142
1 0.12297767857142858 0.2661339285714286 0.14774107142857143 0.1394107142857143
1 0.04035267857142857 0.27565401785714283 0.08070535714285713 0.13166517857142856
0 0.11390625 0.7324464285714285 0.21888392857142858 0.38453571428571426
0 0.5114955357142857 0.7281852678571428 0.27299107142857143 0.3849419642857143
1 0.7512991071428571 0.6708772321428571 0.2972410714285714 0.36854017857142857
1 0.2682857142857143 0.6937455357142858 0.25085714285714283 0.36963392857142857
1 0.5145089285714286 0.2544642857142857 0.08258928571428571 0.125
1 0.4140625 0.25669642857142855 0.078125 0.12946428571428573
1 0.3158482142857143 0.25558035714285715 0.08705357142857142 0.109375
1 0.22574107142857144 0.267078125 0.13005357142857144 0.10558482142857142
1 0.12297767857142858 0.2661339285714286 0.14774107142857143 0.1394107142857143
1 0.04035267857142857 0.27565401785714283 0.08070535714285713 0.13166517857142856
0 0.11390625 0.7324464285714285 0.21888392857142858 0.38453571428571426
0 0.5114955357142857 0.7281852678571428 0.27299107142857143 0.3849419642857143
1 0.7512991071428571 0.6708772321428571 0.2972410714285714 0.36854017857142857
1 0.2682857142857143 0.6937455357142858 0.25085714285714283 0.36963392857142857
1 0.5145089285714286 0.2544642857142857 0.08258928571428571 0.125
1 0.4140625 0.25669642857142855 0.078125 0.12946428571428573
1 0.3158482142857143 0.25558035714285715 0.08705357142857142 0.109375
1 0.22574107142857144 0.267078125 0.13005357142857144 0.10558482142857142
1 0.12297767857142858 0.2661339285714286 0.14774107142857143 0.1394107142857143
1 0.04035267857142857 0.27565401785714283 0.08070535714285713 0.13166517857142856
0 0.11390625 0.7324464285714285 0.21888392857142858 0.38453571428571426
0 0.5114955357142857 0.7281852678571428 0.27299107142857143 0.3849419642857143
1 0.7512991071428571 0.6708772321428571 0.2972410714285714 0.36854017857142857
1 0.2682857142857143 0.6937455357142858 0.25085714285714283 0.36963392857142857
1 0.5145089285714286 0.2544642857142857 0.08258928571428571 0.125
1 0.4140625 0.25669642857142855 0.078125 0.12946428571428573
1 0.3158482142857143 0.25558035714285715 0.08705357142857142 0.109375
1 0.22574107142857144 0.267078125 0.13005357142857144 0.10558482142857142
1 0.12297767857142858 0.2661339285714286 0.14774107142857143 0.1394107142857143
1 0.04035267857142857 0.27565401785714283 0.08070535714285713 0.13166517857142856
0 0.11390625 0.7324464285714285 0.21888392857142858 0.38453571428571426
0 0.5114955357142857 0.7281852678571428 0.27299107142857143 0.3849419642857143
1 0.7512991071428571 0.6708772321428571 0.2972410714285714 0.36854017857142857
1 0.2682857142857143 0.6937455357142858 0.25085714285714283 0.36963392857142857
1 0.5145089285714286 0.2544642857142857 0.08258928571428571 0.125
1 0.4140625 0.25669642857142855 0.078125 0.12946428571428573
1 0.3158482142857143 0.25558035714285715 0.08705357142857142 0.109375
1 0.22574107142857144 0.267078125 0.13005357142857144 0.10558482142857142
1 0.12297767857142858 0.2661339285714286 0.14774107142857143 0.1394107142857143
1 0.04035267857142857 0.27565401785714283 0.08070535714285713 0.13166517857142856
0 0.11390625 0.7324464285714285 0.21888392857142858 0.38453571428571426
0 0.5114955357142857 0.7281852678571428 0.27299107142857143 0.3849419642857143
1 0.7512991071428571 0.6708772321428571 0.2972410714285714 0.36854017857142857
1 0.2682857142857143 0.6937455357142858 0.25085714285714283 0.36963392857142857
