1 0.6976674107142857 0.8159174107142857 0.26140625 0.24790625
1 0.49453348214285714 0.7978459821428572 0.2569241071428571 0.24747767857142858
1 0.3041294642857143 0.7968147321428571 0.2421875 0.21862946428571428
1 0.907390625 0.8108370535714285 0.16299553571428574 0.21988839285714287
1 0.13034375 0.7884107142857142 0.23390178571428571 0.21967857142857142
1 0.6976674107142857 0.8159174107142857 0.26140625 0.24790625
1 0.49453348214285714 0.7978459821428572 0.2569241071428571 0.24747767857142858
1 0.3041294642857143 0.7968147321428571 0.2421875 0.21862946428571428
1 0.907390625 0.8108370535714285 0.16299553571428574 0.21988839285714287
1 0.13034375 0.7884107142857142 0.23390178571428571 0.21967857142857142
1 0.6976674107142857 0.8159174107142857 0.26140625 0.24790625
1 0.49453348214285714 0.7978459821428572 0.2569241071428571 0.24747767857142858
1 0.3041294642857143 0.7968147321428571 0.2421875 0.21862946428571428
1 0.907390625 0.8108370535714285 0.16299553571428574 0.21988839285714287
1 0.13034375 0.7884107142857142 0.23390178571428571 0.21967857142857142
1 0.6976674107142857 0.8159174107142857 0.26140625 0.24790625
1 0.49453348214285714 0.7978459821428572 0.2569241071428571 0.24747767857142858
1 0.3041294642857143 0.7968147321428571 0.2421875 0.21862946428571428
1 0.907390625 0.8108370535714285 0.16299553571428574 0.21988839285714287
1 0.13034375 0.7884107142857142 0.23390178571428571 0.21967857142857142
1 0.6976674107142857 0.8159174107142857 0.26140625 0.24790625
1 0.49453348214285714 0.7978459821428572 0.2569241071428571 0.24747767857142858
1 0.3041294642857143 0.7968147321428571 0.2421875 0.21862946428571428
1 0.907390625 0.8108370535714285 0.16299553571428574 0.21988839285714287
1 0.13034375 0.7884107142857142 0.23390178571428571 0.21967857142857142
