1 0.2566785714285714 0.41449330357142855 0.2455 0.1950580357142857
0 0.35719196428571426 0.45702232142857147 0.2233125 0.12833035714285715
0 0.4695825892857143 0.47171874999999996 0.2070223214285714 0.12200892857142856
0 0.5959174107142857 0.49047991071428576 0.20076339285714284 0.14167410714285714
0 0.7275870535714286 0.49973214285714285 0.19624553571428574 0.15125000000000002
1 0.8996964285714286 0.48033928571428575 0.1654642857142857 0.24639285714285714
1 0.2566785714285714 0.41449330357142855 0.2455 0.1950580357142857
0 0.35719196428571426 0.45702232142857147 0.2233125 0.12833035714285715
0 0.4695825892857143 0.47171874999999996 0.2070223214285714 0.12200892857142856
0 0.5959174107142857 0.49047991071428576 0.20076339285714284 0.14167410714285714
0 0.7275870535714286 0.49973214285714285 0.19624553571428574 0.15125000000000002
1 0.8996964285714286 0.48033928571428575 0.1654642857142857 0.24639285714285714
1 0.2566785714285714 0.41449330357142855 0.2455 0.1950580357142857
0 0.35719196428571426 0.45702232142857147 0.2233125 0.12833035714285715
0 0.4695825892857143 0.47171874999999996 0.2070223214285714 0.12200892857142856
0 0.5959174107142857 0.49047991071428576 0.20076339285714284 0.14167410714285714
0 0.7275870535714286 0.49973214285714285 0.19624553571428574 0.15125000000000002
1 0.8996964285714286 0.48033928571428575 0.1654642857142857 0.24639285714285714
1 0.2566785714285714 0.41449330357142855 0.2455 0.1950580357142857
0 0.35719196428571426 0.45702232142857147 0.2233125 0.12833035714285715
0 0.4695825892857143 0.47171874999999996 0.2070223214285714 0.12200892857142856
0 0.5959174107142857 0.49047991071428576 0.20076339285714284 0.14167410714285714
0 0.7275870535714286 0.49973214285714285 0.19624553571428574 0.15125000000000002
1 0.8996964285714286 0.48033928571428575 0.1654642857142857 0.24639285714285714
1 0.2566785714285714 0.41449330357142855 0.2455 0.1950580357142857
0 0.35719196428571426 0.45702232142857147 0.2233125 0.12833035714285715
0 0.4695825892857143 0.47171874999999996 0.2070223214285714 0.12200892857142856
0 0.5959174107142857 0.49047991071428576 0.20076339285714284 0.14167410714285714
0 0.7275870535714286 0.49973214285714285 0.19624553571428574 0.15125000000000002
1 0.8996964285714286 0.48033928571428575 0.1654642857142857 0.24639285714285714
