0 0.4939977678571429 0.7187901785714287 0.6129955357142858 0.40186607142857145
1 0.21276339285714285 0.6580647321428571 0.41659821428571425 0.53934375
1 0.7951049107142857 0.6223504464285714 0.4027098214285714 0.53934375
1 0.4135 0.4200758928571428 0.08592857142857144 0.05443750000000001
3 0.36159151785714283 0.4284129464285714 0.035683035714285716 0.10682589285714285
1 0.35251785714285716 0.4119933035714286 0.07110714285714285 0.06505803571428571
1 0.48709598214285715 0.4098147321428572 0.07240625 0.06962946428571429
1 0.5603169642857143 0.41800446428571425 0.07599107142857142 0.05922321428571429
1 0.6155044642857143 0.40801116071428567 0.07029464285714286 0.06602232142857142
0 0.4939977678571429 0.7187901785714287 0.6129955357142858 0.40186607142857145
1 0.21276339285714285 0.6580647321428571 0.41659821428571425 0.53934375
1 0.7951049107142857 0.6223504464285714 0.4027098214285714 0.53934375
1 0.4135 0.4200758928571428 0.08592857142857144 0.05443750000000001
3 0.36159151785714283 0.4284129464285714 0.035683035714285716 0.10682589285714285
1 0.35251785714285716 0.4119933035714286 0.07110714285714285 0.06505803571428571
1 0.48709598214285715 0.4098147321428572 0.07240625 0.06962946428571429
1 0.5603169642857143 0.41800446428571425 0.07599107142857142 0.05922321428571429
1 0.6155044642857143 0.40801116071428567 0.07029464285714286 0.06602232142857142
0 0.4939977678571429 0.7187901785714287 0.6129955357142858 0.40186607142857145
1 0.21276339285714285 0.6580647321428571 0.41659821428571425 0.53934375
1 0.7951049107142857 0.6223504464285714 0.4027098214285714 0.53934375
1 0.4135 0.4200758928571428 0.08592857142857144 0.05443750000000001
3 0.36159151785714283 0.4284129464285714 0.035683035714285716 0.10682589285714285
1 0.35251785714285716 0.4119933035714286 0.07110714285714285 0.06505803571428571
1 0.48709598214285715 0.4098147321428572 0.07240625 0.06962946428571429
1 0.5603169642857143 0.41800446428571425 0.07599107142857142 0.05922321428571429
1 0.6155044642857143 0.40801116071428567 0.07029464285714286 0.06602232142857142
0 0.4939977678571429 0.7187901785714287 0.6129955357142858 0.40186607142857145
1 0.21276339285714285 0.6580647321428571 0.41659821428571425 0.53934375
1 0.7951049107142857 0.6223504464285714 0.4027098214285714 0.53934375
1 0.4135 0.4200758928571428 0.08592857142857144 0.05443750000000001
3 0.36159151785714283 0.4284129464285714 0.035683035714285716 0.10682589285714285
1 0.35251785714285716 0.4119933035714286 0.07110714285714285 0.06505803571428571
1 0.48709598214285715 0.4098147321428572 0.07240625 0.06962946428571429
1 0.5603169642857143 0.41800446428571425 0.07599107142857142 0.05922321428571429
1 0.6155044642857143 0.40801116071428567 0.07029464285714286 0.06602232142857142
0 0.4939977678571429 0.7187901785714287 0.6129955357142858 0.40186607142857145
1 0.21276339285714285 0.6580647321428571 0.41659821428571425 0.53934375
1 0.7951049107142857 0.6223504464285714 0.4027098214285714 0.53934375
1 0.4135 0.4200758928571428 0.08592857142857144 0.05443750000000001
3 0.36159151785714283 0.4284129464285714 0.035683035714285716 0.10682589285714285
1 0.35251785714285716 0.4119933035714286 0.07110714285714285 0.06505803571428571
1 0.48709598214285715 0.4098147321428572 0.07240625 0.06962946428571429
1 0.5603169642857143 0.41800446428571425 0.07599107142857142 0.05922321428571429
1 0.6155044642857143 0.40801116071428567 0.07029464285714286 0.06602232142857142
