1 0.06919642857142858 0.6662946428571429 0.12946428571428573 0.08258928571428571
1 0.13058035714285715 0.6439732142857143 0.10044642857142858 0.07366071428571429
1 0.22209821428571427 0.625 0.078125 0.08035714285714286
1 0.3950892857142857 0.5993303571428571 0.07589285714285714 0.06473214285714286
1 0.45982142857142855 0.609375 0.044642857142857144 0.04017857142857143
1 0.33482142857142855 0.6116071428571429 0.0625 0.044642857142857144
1 0.29129464285714285 0.625 0.08258928571428571 0.05357142857142857
1 0.4129977678571429 0.7247745535714286 0.24563839285714287 0.1191919642857143
0 0.3501495535714286 0.7760870535714286 0.24494196428571427 0.06110267857142857
1 0.7640691964285714 0.7530625000000001 0.31385267857142857 0.17576785714285714
1 0.8769419642857142 0.7146517857142857 0.19138392857142855 0.10787500000000001
1 0.06919642857142858 0.6662946428571429 0.12946428571428573 0.08258928571428571
1 0.13058035714285715 0.6439732142857143 0.10044642857142858 0.07366071428571429
1 0.22209821428571427 0.625 0.078125 0.08035714285714286
1 0.3950892857142857 0.5993303571428571 0.07589285714285714 0.06473214285714286
1 0.45982142857142855 0.609375 0.044642857142857144 0.04017857142857143
1 0.33482142857142855 0.6116071428571429 0.0625 0.044642857142857144
1 0.29129464285714285 0.625 0.08258928571428571 0.05357142857142857
1 0.4129977678571429 0.7247745535714286 0.24563839285714287 0.1191919642857143
0 0.3501495535714286 0.7760870535714286 0.24494196428571427 0.06110267857142857
1 0.7640691964285714 0.7530625000000001 0.31385267857142857 0.17576785714285714
1 0.8769419642857142 0.7146517857142857 0.19138392857142855 0.10787500000000001
1 0.06919642857142858 0.6662946428571429 0.12946428571428573 0.08258928571428571
1 0.13058035714285715 0.6439732142857143 0.10044642857142858 0.07366071428571429
1 0.22209821428571427 0.625 0.078125 0.08035714285714286
1 0.3950892857142857 0.5993303571428571 0.07589285714285714 0.06473214285714286
1 0.45982142857142855 0.609375 0.044642857142857144 0.04017857142857143
1 0.33482142857142855 0.6116071428571429 0.0625 0.044642857142857144
1 0.29129464285714285 0.625 0.08258928571428571 0.05357142857142857
1 0.4129977678571429 0.7247745535714286 0.24563839285714287 0.1191919642857143
0 0.3501495535714286 0.7760870535714286 0.24494196428571427 0.06110267857142857
1 0.7640691964285714 0.7530625000000001 0.31385267857142857 0.17576785714285714
1 0.8769419642857142 0.7146517857142857 0.19138392857142855 0.10787500000000001
1 0.06919642857142858 0.6662946428571429 0.12946428571428573 0.08258928571428571
1 0.13058035714285715 0.6439732142857143 0.10044642857142858 0.07366071428571429
1 0.22209821428571427 0.625 0.078125 0.08035714285714286
1 0.3950892857142857 0.5993303571428571 0.07589285714285714 0.06473214285714286
1 0.45982142857142855 0.609375 0.044642857142857144 0.04017857142857143
1 0.33482142857142855 0.6116071428571429 0.0625 0.044642857142857144
1 0.29129464285714285 0.625 0.08258928571428571 0.05357142857142857
1 0.4129977678571429 0.7247745535714286 0.24563839285714287 0.1191919642857143
0 0.3501495535714286 0.7760870535714286 0.24494196428571427 0.06110267857142857
1 0.7640691964285714 0.7530625000000001 0.31385267857142857 0.17576785714285714
1 0.8769419642857142 0.7146517857142857 0.19138392857142855 0.10787500000000001
1 0.06919642857142858 0.6662946428571429 0.12946428571428573 0.08258928571428571
1 0.13058035714285715 0.6439732142857143 0.10044642857142858 0.07366071428571429
1 0.22209821428571427 0.625 0.078125 0.08035714285714286
1 0.3950892857142857 0.5993303571428571 0.07589285714285714 0.06473214285714286
1 0.45982142857142855 0.609375 0.044642857142857144 0.04017857142857143
1 0.33482142857142855 0.6116071428571429 0.0625 0.044642857142857144
1 0.29129464285714285 0.625 0.08258928571428571 0.05357142857142857
1 0.4129977678571429 0.7247745535714286 0.24563839285714287 0.1191919642857143
0 0.3501495535714286 0.7760870535714286 0.24494196428571427 0.06110267857142857
1 0.7640691964285714 0.7530625000000001 0.31385267857142857 0.17576785714285714
1 0.8769419642857142 0.7146517857142857 0.19138392857142855 0.10787500000000001
