1 0.03794642857142857 0.46763392857142855 0.049107142857142856 0.04241071428571429
1 0.10491071428571429 0.49441964285714285 0.06696428571428571 0.05133928571428571
1 0.17299107142857142 0.49441964285714285 0.06919642857142858 0.060267857142857144
1 0.2421875 0.5011160714285714 0.07366071428571429 0.07366071428571429
1 0.31808035714285715 0.5089285714285714 0.08258928571428571 0.0625
0 0.37905357142857143 0.5376875 0.09739285714285714 0.039660714285714285
1 0.4668616071428571 0.5142410714285715 0.0944375 0.09098214285714286
1 0.5438906250000001 0.5140558035714285 0.09670982142857143 0.09954017857142858
1 0.6254977678571428 0.5177410714285714 0.09028125 0.09798214285714286
1 0.7188861607142857 0.5246450892857143 0.07170089285714286 0.09393303571428571
1 0.804953125 0.5208526785714286 0.08312053571428571 0.10420535714285714
1 0.9121741071428572 0.52315625 0.08327678571428572 0.07309821428571428
1 0.9216383928571429 0.6389107142857142 0.1468482142857143 0.16175
1 0.03794642857142857 0.46763392857142855 0.049107142857142856 0.04241071428571429
1 0.10491071428571429 0.49441964285714285 0.06696428571428571 0.05133928571428571
1 0.17299107142857142 0.49441964285714285 0.06919642857142858 0.060267857142857144
1 0.2421875 0.5011160714285714 0.07366071428571429 0.07366071428571429
1 0.31808035714285715 0.5089285714285714 0.08258928571428571 0.0625
0 0.37905357142857143 0.5376875 0.09739285714285714 0.039660714285714285
1 0.4668616071428571 0.5142410714285715 0.0944375 0.09098214285714286
1 0.5438906250000001 0.5140558035714285 0.09670982142857143 0.09954017857142858
1 0.6254977678571428 0.5177410714285714 0.09028125 0.09798214285714286
1 0.7188861607142857 0.5246450892857143 0.07170089285714286 0.09393303571428571
1 0.804953125 0.5208526785714286 0.08312053571428571 0.10420535714285714
1 0.9121741071428572 0.52315625 0.08327678571428572 0.07309821428571428
1 0.9216383928571429 0.6389107142857142 0.1468482142857143 0.16175
1 0.03794642857142857 0.46763392857142855 0.049107142857142856 0.04241071428571429
1 0.10491071428571429 0.49441964285714285 0.06696428571428571 0.05133928571428571
1 0.17299107142857142 0.49441964285714285 0.06919642857142858 0.060267857142857144
1 0.2421875 0.5011160714285714 0.07366071428571429 0.07366071428571429
1 0.31808035714285715 0.5089285714285714 0.08258928571428571 0.0625
0 0.37905357142857143 0.5376875 0.09739285714285714 0.039660714285714285
1 0.4668616071428571 0.5142410714285715 0.0944375 0.09098214285714286
1 0.5438906250000001 0.5140558035714285 0.09670982142857143 0.09954017857142858
1 0.6254977678571428 0.5177410714285714 0.09028125 0.09798214285714286
1 0.7188861607142857 0.5246450892857143 0.07170089285714286 0.09393303571428571
1 0.804953125 0.5208526785714286 0.08312053571428571 0.10420535714285714
1 0.9121741071428572 0.52315625 0.08327678571428572 0.07309821428571428
1 0.9216383928571429 0.6389107142857142 0.1468482142857143 0.16175
1 0.03794642857142857 0.46763392857142855 0.049107142857142856 0.04241071428571429
1 0.10491071428571429 0.49441964285714285 0.06696428571428571 0.05133928571428571
1 0.17299107142857142 0.49441964285714285 0.06919642857142858 0.060267857142857144
1 0.2421875 0.5011160714285714 0.07366071428571429 0.07366071428571429
1 0.31808035714285715 0.5089285714285714 0.08258928571428571 0.0625
0 0.37905357142857143 0.5376875 0.09739285714285714 0.039660714285714285
1 0.4668616071428571 0.5142410714285715 0.0944375 0.09098214285714286
1 0.5438906250000001 0.5140558035714285 0.09670982142857143 0.09954017857142858
1 0.6254977678571428 0.5177410714285714 0.09028125 0.09798214285714286
1 0.7188861607142857 0.5246450892857143 0.07170089285714286 0.09393303571428571
1 0.804953125 0.5208526785714286 0.08312053571428571 0.10420535714285714
1 0.9121741071428572 0.52315625 0.08327678571428572 0.07309821428571428
1 0.9216383928571429 0.6389107142857142 0.1468482142857143 0.16175
1 0.03794642857142857 0.46763392857142855 0.049107142857142856 0.04241071428571429
1 0.10491071428571429 0.49441964285714285 0.06696428571428571 0.05133928571428571
1 0.17299107142857142 0.49441964285714285 0.06919642857142858 0.060267857142857144
1 0.2421875 0.5011160714285714 0.07366071428571429 0.07366071428571429
1 0.31808035714285715 0.5089285714285714 0.08258928571428571 0.0625
0 0.37905357142857143 0.5376875 0.09739285714285714 0.039660714285714285
1 0.4668616071428571 0.5142410714285715 0.0944375 0.09098214285714286
1 0.5438906250000001 0.5140558035714285 0.09670982142857143 0.09954017857142858
1 0.6254977678571428 0.5177410714285714 0.09028125 0.09798214285714286
1 0.7188861607142857 0.5246450892857143 0.07170089285714286 0.09393303571428571
1 0.804953125 0.5208526785714286 0.08312053571428571 0.10420535714285714
1 0.9121741071428572 0.52315625 0.08327678571428572 0.07309821428571428
1 0.9216383928571429 0.6389107142857142 0.1468482142857143 0.16175
