1 0.7830870535714285 0.6694642857142857 0.4322455357142857 0.22285714285714286
1 0.5845982142857142 0.6500758928571428 0.28526785714285713 0.18408035714285714
1 0.4553147321428571 0.6383950892857142 0.2767008928571429 0.14286160714285714
1 0.18983035714285715 0.5940959821428571 0.2546607142857143 0.1256919642857143
1 0.09467410714285715 0.5852410714285714 0.1893482142857143 0.1258392857142857
0 0.21884821428571427 0.6628125 0.18769642857142857 0.02205357142857143
0 0.8699598214285714 0.7909352678571429 0.2577767857142857 0.09079910714285713
1 0.7830870535714285 0.6694642857142857 0.4322455357142857 0.22285714285714286
1 0.5845982142857142 0.6500758928571428 0.28526785714285713 0.18408035714285714
1 0.4553147321428571 0.6383950892857142 0.2767008928571429 0.14286160714285714
1 0.18983035714285715 0.5940959821428571 0.2546607142857143 0.1256919642857143
1 0.09467410714285715 0.5852410714285714 0.1893482142857143 0.1258392857142857
0 0.21884821428571427 0.6628125 0.18769642857142857 0.02205357142857143
0 0.8699598214285714 0.7909352678571429 0.2577767857142857 0.09079910714285713
1 0.7830870535714285 0.6694642857142857 0.4322455357142857 0.22285714285714286
1 0.5845982142857142 0.6500758928571428 0.28526785714285713 0.18408035714285714
1 0.4553147321428571 0.6383950892857142 0.2767008928571429 0.14286160714285714
1 0.18983035714285715 0.5940959821428571 0.2546607142857143 0.1256919642857143
1 0.09467410714285715 0.5852410714285714 0.1893482142857143 0.1258392857142857
0 0.21884821428571427 0.6628125 0.18769642857142857 0.02205357142857143
0 0.8699598214285714 0.7909352678571429 0.2577767857142857 0.09079910714285713
1 0.7830870535714285 0.6694642857142857 0.4322455357142857 0.22285714285714286
1 0.5845982142857142 0.6500758928571428 0.28526785714285713 0.18408035714285714
1 0.4553147321428571 0.6383950892857142 0.2767008928571429 0.14286160714285714
1 0.18983035714285715 0.5940959821428571 0.2546607142857143 0.1256919642857143
1 0.09467410714285715 0.5852410714285714 0.1893482142857143 0.1258392857142857
0 0.21884821428571427 0.6628125 0.18769642857142857 0.02205357142857143
0 0.8699598214285714 0.7909352678571429 0.2577767857142857 0.09079910714285713
1 0.7830870535714285 0.6694642857142857 0.4322455357142857 0.22285714285714286
1 0.5845982142857142 0.6500758928571428 0.28526785714285713 0.18408035714285714
1 0.4553147321428571 0.6383950892857142 0.2767008928571429 0.14286160714285714
1 0.18983035714285715 0.5940959821428571 0.2546607142857143 0.1256919642857143
1 0.09467410714285715 0.5852410714285714 0.1893482142857143 0.1258392857142857
0 0.21884821428571427 0.6628125 0.18769642857142857 0.02205357142857143
0 0.8699598214285714 0.7909352678571429 0.2577767857142857 0.09079910714285713
