2 0.4120491071428572 0.5711763392857143 0.22588392857142855 0.09770982142857143
2 0.3821160714285714 0.485265625 0.11244642857142857 0.05981696428571428
2 0.4552544642857143 0.35191741071428567 0.15158035714285714 0.025263392857142856
1 0.5955691964285714 0.42289062499999996 0.24470982142857142 0.14935267857142856
2 0.6355223214285715 0.35562723214285713 0.20854464285714286 0.041611607142857145
2 0.7593571428571428 0.4618348214285714 0.09907142857142857 0.048669642857142856
2 0.7548995535714286 0.5315803571428571 0.09015625000000001 0.06316071428571428
1 0.7979910714285714 0.3236607142857143 0.13169642857142858 0.09375
1 0.24045535714285712 0.44039955357142857 0.1773392857142857 0.11294196428571428
1 0.21613392857142857 0.5584910714285715 0.20012500000000003 0.15269642857142857
1 0.9620535714285714 0.31919642857142855 0.06696428571428571 0.10267857142857142
1 0.9006696428571429 0.4810267857142857 0.140625 0.09598214285714286
1 0.6462053571428571 0.5256696428571429 0.12276785714285714 0.12276785714285714
2 0.4120491071428572 0.5711763392857143 0.22588392857142855 0.09770982142857143
2 0.3821160714285714 0.485265625 0.11244642857142857 0.05981696428571428
2 0.4552544642857143 0.35191741071428567 0.15158035714285714 0.025263392857142856
1 0.5955691964285714 0.42289062499999996 0.24470982142857142 0.14935267857142856
2 0.6355223214285715 0.35562723214285713 0.20854464285714286 0.041611607142857145
2 0.7593571428571428 0.4618348214285714 0.09907142857142857 0.048669642857142856
2 0.7548995535714286 0.5315803571428571 0.09015625000000001 0.06316071428571428
1 0.7979910714285714 0.3236607142857143 0.13169642857142858 0.09375
1 0.24045535714285712 0.44039955357142857 0.1773392857142857 0.11294196428571428
1 0.21613392857142857 0.5584910714285715 0.20012500000000003 0.15269642857142857
1 0.9620535714285714 0.31919642857142855 0.06696428571428571 0.10267857142857142
1 0.9006696428571429 0.4810267857142857 0.140625 0.09598214285714286
1 0.6462053571428571 0.5256696428571429 0.12276785714285714 0.12276785714285714
2 0.4120491071428572 0.5711763392857143 0.22588392857142855 0.09770982142857143
2 0.3821160714285714 0.485265625 0.11244642857142857 0.05981696428571428
2 0.4552544642857143 0.35191741071428567 0.15158035714285714 0.025263392857142856
1 0.5955691964285714 0.42289062499999996 0.24470982142857142 0.14935267857142856
2 0.6355223214285715 0.35562723214285713 0.20854464285714286 0.041611607142857145
2 0.7593571428571428 0.4618348214285714 0.09907142857142857 0.048669642857142856
2 0.7548995535714286 0.5315803571428571 0.09015625000000001 0.06316071428571428
1 0.7979910714285714 0.3236607142857143 0.13169642857142858 0.09375
1 0.24045535714285712 0.44039955357142857 0.1773392857142857 0.11294196428571428
1 0.21613392857142857 0.5584910714285715 0.20012500000000003 0.15269642857142857
1 0.9620535714285714 0.31919642857142855 0.06696428571428571 0.10267857142857142
1 0.9006696428571429 0.4810267857142857 0.140625 0.09598214285714286
1 0.6462053571428571 0.5256696428571429 0.12276785714285714 0.12276785714285714
2 0.4120491071428572 0.5711763392857143 0.22588392857142855 0.09770982142857143
2 0.3821160714285714 0.485265625 0.11244642857142857 0.05981696428571428
2 0.4552544642857143 0.35191741071428567 0.15158035714285714 0.025263392857142856
1 0.5955691964285714 0.42289062499999996 0.24470982142857142 0.14935267857142856
2 0.6355223214285715 0.35562723214285713 0.20854464285714286 0.041611607142857145
2 0.7593571428571428 0.4618348214285714 0.09907142857142857 0.048669642857142856
2 0.7548995535714286 0.5315803571428571 0.09015625000000001 0.06316071428571428
1 0.7979910714285714 0.3236607142857143 0.13169642857142858 0.09375
1 0.24045535714285712 0.44039955357142857 0.1773392857142857 0.11294196428571428
1 0.21613392857142857 0.5584910714285715 0.20012500000000003 0.15269642857142857
1 0.9620535714285714 0.31919642857142855 0.06696428571428571 0.10267857142857142
1 0.9006696428571429 0.4810267857142857 0.140625 0.09598214285714286
1 0.6462053571428571 0.5256696428571429 0.12276785714285714 0.12276785714285714
2 0.4120491071428572 0.5711763392857143 0.22588392857142855 0.09770982142857143
2 0.3821160714285714 0.485265625 0.11244642857142857 0.05981696428571428
2 0.4552544642857143 0.35191741071428567 0.15158035714285714 0.025263392857142856
1 0.5955691964285714 0.42289062499999996 0.24470982142857142 0.14935267857142856
2 0.6355223214285715 0.35562723214285713 0.20854464285714286 0.041611607142857145
2 0.7593571428571428 0.4618348214285714 0.09907142857142857 0.048669642857142856
2 0.7548995535714286 0.5315803571428571 0.09015625000000001 0.06316071428571428
1 0.7979910714285714 0.3236607142857143 0.13169642857142858 0.09375
1 0.24045535714285712 0.44039955357142857 0.1773392857142857 0.11294196428571428
1 0.21613392857142857 0.5584910714285715 0.20012500000000003 0.15269642857142857
1 0.9620535714285714 0.31919642857142855 0.06696428571428571 0.10267857142857142
1 0.9006696428571429 0.4810267857142857 0.140625 0.09598214285714286
1 0.6462053571428571 0.5256696428571429 0.12276785714285714 0.12276785714285714
