1 0.4252232142857143 0.6395089285714286 0.046875 0.046875
1 0.47433035714285715 0.6395089285714286 0.03794642857142857 0.046875
1 0.5267857142857143 0.6607142857142857 0.03571428571428571 0.044642857142857144
1 0.5758928571428571 0.6573660714285714 0.044642857142857144 0.046875
1 0.6328125 0.6674107142857143 0.05133928571428571 0.06696428571428571
1 0.578125 0.8024553571428571 0.12053571428571429 0.17633928571428573
1 0.45089285714285715 0.7979910714285714 0.10714285714285714 0.13169642857142858
1 0.3264933035714286 0.7675915178571427 0.16191517857142856 0.1512544642857143
1 0.21720982142857143 0.7815044642857142 0.13084821428571428 0.12550892857142856
1 0.14514285714285716 0.7551830357142857 0.1295714285714286 0.10858035714285715
1 0.4252232142857143 0.6395089285714286 0.046875 0.046875
1 0.47433035714285715 0.6395089285714286 0.03794642857142857 0.046875
1 0.5267857142857143 0.6607142857142857 0.03571428571428571 0.044642857142857144
1 0.5758928571428571 0.6573660714285714 0.044642857142857144 0.046875
1 0.6328125 0.6674107142857143 0.05133928571428571 0.06696428571428571
1 0.578125 0.8024553571428571 0.12053571428571429 0.17633928571428573
1 0.45089285714285715 0.7979910714285714 0.10714285714285714 0.13169642857142858
1 0.3264933035714286 0.7675915178571427 0.16191517857142856 0.1512544642857143
1 0.21720982142857143 0.7815044642857142 0.13084821428571428 0.12550892857142856
1 0.14514285714285716 0.7551830357142857 0.1295714285714286 0.10858035714285715
1 0.4252232142857143 0.6395089285714286 0.046875 0.046875
1 0.47433035714285715 0.6395089285714286 0.03794642857142857 0.046875
1 0.5267857142857143 0.6607142857142857 0.03571428571428571 0.044642857142857144
1 0.5758928571428571 0.6573660714285714 0.044642857142857144 0.046875
1 0.6328125 0.6674107142857143 0.05133928571428571 0.06696428571428571
1 0.578125 0.8024553571428571 0.12053571428571429 0.17633928571428573
1 0.45089285714285715 0.7979910714285714 0.10714285714285714 0.13169642857142858
1 0.3264933035714286 0.7675915178571427 0.16191517857142856 0.1512544642857143
1 0.21720982142857143 0.7815044642857142 0.13084821428571428 0.12550892857142856
1 0.14514285714285716 0.7551830357142857 0.1295714285714286 0.10858035714285715
1 0.4252232142857143 0.6395089285714286 0.046875 0.046875
1 0.47433035714285715 0.6395089285714286 0.03794642857142857 0.046875
1 0.5267857142857143 0.6607142857142857 0.03571428571428571 0.044642857142857144
1 0.5758928571428571 0.6573660714285714 0.044642857142857144 0.046875
1 0.6328125 0.6674107142857143 0.05133928571428571 0.06696428571428571
1 0.578125 0.8024553571428571 0.12053571428571429 0.17633928571428573
1 0.45089285714285715 0.7979910714285714 0.10714285714285714 0.13169642857142858
1 0.3264933035714286 0.7675915178571427 0.16191517857142856 0.1512544642857143
1 0.21720982142857143 0.7815044642857142 0.13084821428571428 0.12550892857142856
1 0.14514285714285716 0.7551830357142857 0.1295714285714286 0.10858035714285715
1 0.4252232142857143 0.6395089285714286 0.046875 0.046875
1 0.47433035714285715 0.6395089285714286 0.03794642857142857 0.046875
1 0.5267857142857143 0.6607142857142857 0.03571428571428571 0.044642857142857144
1 0.5758928571428571 0.6573660714285714 0.044642857142857144 0.046875
1 0.6328125 0.6674107142857143 0.05133928571428571 0.06696428571428571
1 0.578125 0.8024553571428571 0.12053571428571429 0.17633928571428573
1 0.45089285714285715 0.7979910714285714 0.10714285714285714 0.13169642857142858
1 0.3264933035714286 0.7675915178571427 0.16191517857142856 0.1512544642857143
1 0.21720982142857143 0.7815044642857142 0.13084821428571428 0.12550892857142856
1 0.14514285714285716 0.7551830357142857 0.1295714285714286 0.10858035714285715
