1 0.13839285714285715 0.7555803571428571 0.16964285714285715 0.18080357142857142
1 0.4810267857142857 0.7254464285714286 0.13169642857142858 0.13839285714285715
1 0.6294642857142857 0.7165178571428571 0.09821428571428571 0.14732142857142858
1 0.7511160714285714 0.7176339285714286 0.09151785714285714 0.12276785714285714
1 0.8470982142857143 0.7154017857142857 0.06919642857142858 0.09151785714285714
1 0.9207589285714286 0.7098214285714286 0.05580357142857143 0.08035714285714286
1 0.9743303571428571 0.7120535714285714 0.03794642857142857 0.05803571428571429
1 0.2924107142857143 0.6517857142857143 0.07589285714285714 0.08928571428571429
0 0.3229553571428571 0.7907299107142858 0.1905535714285714 0.09931696428571428
1 0.13839285714285715 0.7555803571428571 0.16964285714285715 0.18080357142857142
1 0.4810267857142857 0.7254464285714286 0.13169642857142858 0.13839285714285715
1 0.6294642857142857 0.7165178571428571 0.09821428571428571 0.14732142857142858
1 0.7511160714285714 0.7176339285714286 0.09151785714285714 0.12276785714285714
1 0.8470982142857143 0.7154017857142857 0.06919642857142858 0.09151785714285714
1 0.9207589285714286 0.7098214285714286 0.05580357142857143 0.08035714285714286
1 0.9743303571428571 0.7120535714285714 0.03794642857142857 0.05803571428571429
1 0.2924107142857143 0.6517857142857143 0.07589285714285714 0.08928571428571429
0 0.3229553571428571 0.7907299107142858 0.1905535714285714 0.09931696428571428
1 0.13839285714285715 0.7555803571428571 0.16964285714285715 0.18080357142857142
1 0.4810267857142857 0.7254464285714286 0.13169642857142858 0.13839285714285715
1 0.6294642857142857 0.7165178571428571 0.09821428571428571 0.14732142857142858
1 0.7511160714285714 0.7176339285714286 0.09151785714285714 0.12276785714285714
1 0.8470982142857143 0.7154017857142857 0.06919642857142858 0.09151785714285714
1 0.9207589285714286 0.7098214285714286 0.05580357142857143 0.08035714285714286
1 0.9743303571428571 0.7120535714285714 0.03794642857142857 0.05803571428571429
1 0.2924107142857143 0.6517857142857143 0.07589285714285714 0.08928571428571429
0 0.3229553571428571 0.7907299107142858 0.1905535714285714 0.09931696428571428
1 0.13839285714285715 0.7555803571428571 0.16964285714285715 0.18080357142857142
1 0.4810267857142857 0.7254464285714286 0.13169642857142858 0.13839285714285715
1 0.6294642857142857 0.7165178571428571 0.09821428571428571 0.14732142857142858
1 0.7511160714285714 0.7176339285714286 0.09151785714285714 0.12276785714285714
1 0.8470982142857143 0.7154017857142857 0.06919642857142858 0.09151785714285714
1 0.9207589285714286 0.7098214285714286 0.05580357142857143 0.08035714285714286
1 0.9743303571428571 0.7120535714285714 0.03794642857142857 0.05803571428571429
1 0.2924107142857143 0.6517857142857143 0.07589285714285714 0.08928571428571429
0 0.3229553571428571 0.7907299107142858 0.1905535714285714 0.09931696428571428
1 0.13839285714285715 0.7555803571428571 0.16964285714285715 0.18080357142857142
1 0.4810267857142857 0.7254464285714286 0.13169642857142858 0.13839285714285715
1 0.6294642857142857 0.7165178571428571 0.09821428571428571 0.14732142857142858
1 0.7511160714285714 0.7176339285714286 0.09151785714285714 0.12276785714285714
1 0.8470982142857143 0.7154017857142857 0.06919642857142858 0.09151785714285714
1 0.9207589285714286 0.7098214285714286 0.05580357142857143 0.08035714285714286
1 0.9743303571428571 0.7120535714285714 0.03794642857142857 0.05803571428571429
1 0.2924107142857143 0.6517857142857143 0.07589285714285714 0.08928571428571429
0 0.3229553571428571 0.7907299107142858 0.1905535714285714 0.09931696428571428
