1 0.8155379464285714 0.46134821428571426 0.17571874999999998 0.18162499999999998
1 0.6503683035714286 0.4491540178571429 0.18466517857142858 0.1483080357142857
1 0.4693191964285714 0.4362611607142857 0.1975669642857143 0.15823660714285714
1 0.31589062500000004 0.45022544642857143 0.2032098214285714 0.15045089285714286
1 0.17408482142857146 0.43629910714285713 0.24995535714285716 0.1493839285714286
1 0.09111160714285714 0.4341116071428571 0.18222321428571428 0.1539375
1 0.8155379464285714 0.46134821428571426 0.17571874999999998 0.18162499999999998
1 0.6503683035714286 0.4491540178571429 0.18466517857142858 0.1483080357142857
1 0.4693191964285714 0.4362611607142857 0.1975669642857143 0.15823660714285714
1 0.31589062500000004 0.45022544642857143 0.2032098214285714 0.15045089285714286
1 0.17408482142857146 0.43629910714285713 0.24995535714285716 0.1493839285714286
1 0.09111160714285714 0.4341116071428571 0.18222321428571428 0.1539375
1 0.8155379464285714 0.46134821428571426 0.17571874999999998 0.18162499999999998
1 0.6503683035714286 0.4491540178571429 0.18466517857142858 0.1483080357142857
1 0.4693191964285714 0.4362611607142857 0.1975669642857143 0.15823660714285714
1 0.31589062500000004 0.45022544642857143 0.2032098214285714 0.15045089285714286
1 0.17408482142857146 0.43629910714285713 0.24995535714285716 0.1493839285714286
1 0.09111160714285714 0.4341116071428571 0.18222321428571428 0.1539375
1 0.8155379464285714 0.46134821428571426 0.17571874999999998 0.18162499999999998
1 0.6503683035714286 0.4491540178571429 0.18466517857142858 0.1483080357142857
1 0.4693191964285714 0.4362611607142857 0.1975669642857143 0.15823660714285714
1 0.31589062500000004 0.45022544642857143 0.2032098214285714 0.15045089285714286
1 0.17408482142857146 0.43629910714285713 0.24995535714285716 0.1493839285714286
1 0.09111160714285714 0.4341116071428571 0.18222321428571428 0.1539375
1 0.8155379464285714 0.46134821428571426 0.17571874999999998 0.18162499999999998
1 0.6503683035714286 0.4491540178571429 0.18466517857142858 0.1483080357142857
1 0.4693191964285714 0.4362611607142857 0.1975669642857143 0.15823660714285714
1 0.31589062500000004 0.45022544642857143 0.2032098214285714 0.15045089285714286
1 0.17408482142857146 0.43629910714285713 0.24995535714285716 0.1493839285714286
1 0.09111160714285714 0.4341116071428571 0.18222321428571428 0.1539375
