1 0.4436138392857143 0.5747745535714286 0.14615625 0.0781205357142857
0 0.5669508928571428 0.5843482142857143 0.14283035714285713 0.043696428571428574
1 0.19136160714285716 0.5251584821428572 0.09700892857142858 0.05031696428571429
0 0.65496875 0.5769040178571428 0.16708035714285716 0.03773660714285714
1 0.751328125 0.5504017857142857 0.18122767857142857 0.07401785714285714
1 0.8669508928571429 0.5449419642857143 0.11783035714285714 0.05416964285714286
1 0.2783058035714286 0.5212566964285714 0.10125446428571429 0.06037053571428571
1 0.3633147321428571 0.5185691964285714 0.09270089285714286 0.05499553571428572
1 0.4317053571428571 0.5110424107142857 0.086625 0.031013392857142857
3 0.39620535714285715 0.7868303571428571 0.13169642857142858 0.18080357142857142
1 0.4436138392857143 0.5747745535714286 0.14615625 0.0781205357142857
0 0.5669508928571428 0.5843482142857143 0.14283035714285713 0.043696428571428574
1 0.19136160714285716 0.5251584821428572 0.09700892857142858 0.05031696428571429
0 0.65496875 0.5769040178571428 0.16708035714285716 0.03773660714285714
1 0.751328125 0.5504017857142857 0.18122767857142857 0.07401785714285714
1 0.8669508928571429 0.5449419642857143 0.11783035714285714 0.05416964285714286
1 0.2783058035714286 0.5212566964285714 0.10125446428571429 0.06037053571428571
1 0.3633147321428571 0.5185691964285714 0.09270089285714286 0.05499553571428572
1 0.4317053571428571 0.5110424107142857 0.086625 0.031013392857142857
3 0.39620535714285715 0.7868303571428571 0.13169642857142858 0.18080357142857142
1 0.4436138392857143 0.5747745535714286 0.14615625 0.0781205357142857
0 0.5669508928571428 0.5843482142857143 0.14283035714285713 0.043696428571428574
1 0.19136160714285716 0.5251584821428572 0.09700892857142858 0.05031696428571429
0 0.65496875 0.5769040178571428 0.16708035714285716 0.03773660714285714
1 0.751328125 0.5504017857142857 0.18122767857142857 0.07401785714285714
1 0.8669508928571429 0.5449419642857143 0.11783035714285714 0.05416964285714286
1 0.2783058035714286 0.5212566964285714 0.10125446428571429 0.06037053571428571
1 0.3633147321428571 0.5185691964285714 0.09270089285714286 0.05499553571428572
1 0.4317053571428571 0.5110424107142857 0.086625 0.031013392857142857
3 0.39620535714285715 0.7868303571428571 0.13169642857142858 0.18080357142857142
1 0.4436138392857143 0.5747745535714286 0.14615625 0.0781205357142857
0 0.5669508928571428 0.5843482142857143 0.14283035714285713 0.043696428571428574
1 0.19136160714285716 0.5251584821428572 0.09700892857142858 0.05031696428571429
0 0.65496875 0.5769040178571428 0.16708035714285716 0.03773660714285714
1 0.751328125 0.5504017857142857 0.18122767857142857 0.07401785714285714
1 0.8669508928571429 0.5449419642857143 0.11783035714285714 0.05416964285714286
1 0.2783058035714286 0.5212566964285714 0.10125446428571429 0.06037053571428571
1 0.3633147321428571 0.5185691964285714 0.09270089285714286 0.05499553571428572
1 0.4317053571428571 0.5110424107142857 0.086625 0.031013392857142857
3 0.39620535714285715 0.7868303571428571 0.13169642857142858 0.18080357142857142
1 0.4436138392857143 0.5747745535714286 0.14615625 0.0781205357142857
0 0.5669508928571428 0.5843482142857143 0.14283035714285713 0.043696428571428574
1 0.19136160714285716 0.5251584821428572 0.09700892857142858 0.05031696428571429
0 0.65496875 0.5769040178571428 0.16708035714285716 0.03773660714285714
1 0.751328125 0.5504017857142857 0.18122767857142857 0.07401785714285714
1 0.8669508928571429 0.5449419642857143 0.11783035714285714 0.05416964285714286
1 0.2783058035714286 0.5212566964285714 0.10125446428571429 0.06037053571428571
1 0.3633147321428571 0.5185691964285714 0.09270089285714286 0.05499553571428572
1 0.4317053571428571 0.5110424107142857 0.086625 0.031013392857142857
3 0.39620535714285715 0.7868303571428571 0.13169642857142858 0.18080357142857142
