0 0.3224196428571429 0.7274308035714286 0.15376785714285715 0.06200446428571428
1 0.8325892857142857 0.7109375 0.12946428571428573 0.109375
1 0.6886160714285714 0.7087053571428571 0.12723214285714285 0.12276785714285714
1 0.5691964285714286 0.7087053571428571 0.12053571428571429 0.13169642857142858
1 0.4419642857142857 0.6997767857142857 0.09821428571428571 0.12276785714285714
1 0.20535714285714285 0.7053571428571429 0.09821428571428571 0.10714285714285714
1 0.08258928571428571 0.7008928571428571 0.09375 0.08035714285714286
1 0.3794642857142857 0.6517857142857143 0.03571428571428571 0.0625
1 0.6037946428571429 0.6261160714285714 0.029017857142857144 0.03794642857142857
1 0.5591517857142857 0.6138392857142857 0.03794642857142857 0.022321428571428572
1 0.31919642857142855 0.6428571428571429 0.06696428571428571 0.03571428571428571
1 0.0703125 0.6037946428571429 0.04241071428571429 0.03794642857142857
0 0.11358928571428571 0.621390625 0.03967857142857143 0.010638392857142857
1 0.15625 0.6026785714285714 0.026785714285714284 0.03571428571428571
1 0.984375 0.6495535714285714 0.03125 0.05803571428571429
1 0.9453125 0.640625 0.033482142857142856 0.049107142857142856
1 0.9162946428571429 0.6328125 0.029017857142857144 0.05133928571428571
0 0.8642500000000001 0.6436897321428571 0.040999999999999995 0.01059375
1 0.8549107142857143 0.6194196428571429 0.049107142857142856 0.033482142857142856
0 0.3224196428571429 0.7274308035714286 0.15376785714285715 0.06200446428571428
1 0.8325892857142857 0.7109375 0.12946428571428573 0.109375
1 0.6886160714285714 0.7087053571428571 0.12723214285714285 0.12276785714285714
1 0.5691964285714286 0.7087053571428571 0.12053571428571429 0.13169642857142858
1 0.4419642857142857 0.6997767857142857 0.09821428571428571 0.12276785714285714
1 0.20535714285714285 0.7053571428571429 0.09821428571428571 0.10714285714285714
1 0.08258928571428571 0.7008928571428571 0.09375 0.08035714285714286
1 0.3794642857142857 0.6517857142857143 0.03571428571428571 0.0625
1 0.6037946428571429 0.6261160714285714 0.029017857142857144 0.03794642857142857
1 0.5591517857142857 0.6138392857142857 0.03794642857142857 0.022321428571428572
1 0.31919642857142855 0.6428571428571429 0.06696428571428571 0.03571428571428571
1 0.0703125 0.6037946428571429 0.04241071428571429 0.03794642857142857
0 0.11358928571428571 0.621390625 0.03967857142857143 0.010638392857142857
1 0.15625 0.6026785714285714 0.026785714285714284 0.03571428571428571
1 0.984375 0.6495535714285714 0.03125 0.05803571428571429
1 0.9453125 0.640625 0.033482142857142856 0.049107142857142856
1 0.9162946428571429 0.6328125 0.029017857142857144 0.05133928571428571
0 0.8642500000000001 0.6436897321428571 0.040999999999999995 0.01059375
1 0.8549107142857143 0.6194196428571429 0.049107142857142856 0.033482142857142856
0 0.3224196428571429 0.7274308035714286 0.15376785714285715 0.06200446428571428
1 0.8325892857142857 0.7109375 0.12946428571428573 0.109375
1 0.6886160714285714 0.7087053571428571 0.12723214285714285 0.12276785714285714
1 0.5691964285714286 0.7087053571428571 0.12053571428571429 0.13169642857142858
1 0.4419642857142857 0.6997767857142857 0.09821428571428571 0.12276785714285714
1 0.20535714285714285 0.7053571428571429 0.09821428571428571 0.10714285714285714
1 0.08258928571428571 0.7008928571428571 0.09375 0.08035714285714286
1 0.3794642857142857 0.6517857142857143 0.03571428571428571 0.0625
1 0.6037946428571429 0.6261160714285714 0.029017857142857144 0.03794642857142857
1 0.5591517857142857 0.6138392857142857 0.03794642857142857 0.022321428571428572
1 0.31919642857142855 0.6428571428571429 0.06696428571428571 0.03571428571428571
1 0.0703125 0.6037946428571429 0.04241071428571429 0.03794642857142857
0 0.11358928571428571 0.621390625 0.03967857142857143 0.010638392857142857
1 0.15625 0.6026785714285714 0.026785714285714284 0.03571428571428571
1 0.984375 0.6495535714285714 0.03125 0.05803571428571429
1 0.9453125 0.640625 0.033482142857142856 0.049107142857142856
1 0.9162946428571429 0.6328125 0.029017857142857144 0.05133928571428571
0 0.8642500000000001 0.6436897321428571 0.040999999999999995 0.01059375
1 0.8549107142857143 0.6194196428571429 0.049107142857142856 0.033482142857142856
0 0.3224196428571429 0.7274308035714286 0.15376785714285715 0.06200446428571428
1 0.8325892857142857 0.7109375 0.12946428571428573 0.109375
1 0.6886160714285714 0.7087053571428571 0.12723214285714285 0.12276785714285714
1 0.5691964285714286 0.7087053571428571 0.12053571428571429 0.13169642857142858
1 0.4419642857142857 0.6997767857142857 0.09821428571428571 0.12276785714285714
1 0.20535714285714285 0.7053571428571429 0.09821428571428571 0.10714285714285714
1 0.08258928571428571 0.7008928571428571 0.09375 0.08035714285714286
1 0.3794642857142857 0.6517857142857143 0.03571428571428571 0.0625
1 0.6037946428571429 0.6261160714285714 0.029017857142857144 0.03794642857142857
1 0.5591517857142857 0.6138392857142857 0.03794642857142857 0.022321428571428572
1 0.31919642857142855 0.6428571428571429 0.06696428571428571 0.03571428571428571
1 0.0703125 0.6037946428571429 0.04241071428571429 0.03794642857142857
0 0.11358928571428571 0.621390625 0.03967857142857143 0.010638392857142857
1 0.15625 0.6026785714285714 0.026785714285714284 0.03571428571428571
1 0.984375 0.6495535714285714 0.03125 0.05803571428571429
1 0.9453125 0.640625 0.033482142857142856 0.049107142857142856
1 0.9162946428571429 0.6328125 0.029017857142857144 0.05133928571428571
0 0.8642500000000001 0.6436897321428571 0.040999999999999995 0.01059375
1 0.8549107142857143 0.6194196428571429 0.049107142857142856 0.033482142857142856
0 0.3224196428571429 0.7274308035714286 0.15376785714285715 0.06200446428571428
1 0.8325892857142857 0.7109375 0.12946428571428573 0.109375
1 0.6886160714285714 0.7087053571428571 0.12723214285714285 0.12276785714285714
1 0.5691964285714286 0.7087053571428571 0.12053571428571429 0.13169642857142858
1 0.4419642857142857 0.6997767857142857 0.09821428571428571 0.12276785714285714
1 0.20535714285714285 0.7053571428571429 0.09821428571428571 0.10714285714285714
1 0.08258928571428571 0.7008928571428571 0.09375 0.08035714285714286
1 0.3794642857142857 0.6517857142857143 0.03571428571428571 0.0625
1 0.6037946428571429 0.6261160714285714 0.029017857142857144 0.03794642857142857
1 0.5591517857142857 0.6138392857142857 0.03794642857142857 0.022321428571428572
1 0.31919642857142855 0.6428571428571429 0.06696428571428571 0.03571428571428571
1 0.0703125 0.6037946428571429 0.04241071428571429 0.03794642857142857
0 0.11358928571428571 0.621390625 0.03967857142857143 0.010638392857142857
1 0.15625 0.6026785714285714 0.026785714285714284 0.03571428571428571
1 0.984375 0.6495535714285714 0.03125 0.05803571428571429
1 0.9453125 0.640625 0.033482142857142856 0.049107142857142856
1 0.9162946428571429 0.6328125 0.029017857142857144 0.05133928571428571
0 0.8642500000000001 0.6436897321428571 0.040999999999999995 0.01059375
1 0.8549107142857143 0.6194196428571429 0.049107142857142856 0.033482142857142856
