1 0.7700892857142857 0.41964285714285715 0.07589285714285714 0.07142857142857142
1 0.6819196428571429 0.5569196428571429 0.10491071428571429 0.140625
1 0.5435267857142857 0.5502232142857143 0.12276785714285714 0.15401785714285715
0 0.6921741071428571 0.4465111607142857 0.08970535714285714 0.026950892857142857
3 0.8482142857142857 0.328125 0.008928571428571428 0.04017857142857143
3 0.6127232142857143 0.39620535714285715 0.011160714285714286 0.024553571428571428
3 0.625 0.3950892857142857 0.008928571428571428 0.022321428571428572
0 0.6210334821428571 0.4563080357142857 0.09028125 0.019758928571428573
0 0.4911138392857143 0.4648705357142857 0.04472767857142857 0.01902678571428571
1 0.40736607142857145 0.5502232142857143 0.109375 0.109375
1 0.44419642857142855 0.4453125 0.07589285714285714 0.05133928571428571
1 0.38392857142857145 0.45424107142857145 0.0625 0.05133928571428571
1 0.4877232142857143 0.40848214285714285 0.029017857142857144 0.022321428571428572
1 0.4341517857142857 0.39174107142857145 0.011160714285714286 0.015625
1 0.40848214285714285 0.39620535714285715 0.013392857142857142 0.024553571428571428
1 0.5424107142857143 0.43861607142857145 0.05803571428571429 0.05580357142857143
1 0.30580357142857145 0.5625 0.08482142857142858 0.07142857142857142
1 0.3325892857142857 0.4609375 0.03125 0.046875
1 0.14174107142857142 0.5691964285714286 0.04241071428571429 0.05803571428571429
1 0.07477678571428571 0.5613839285714286 0.06919642857142858 0.060267857142857144
1 0.024553571428571428 0.5502232142857143 0.03125 0.07366071428571429
1 0.0703125 0.4921875 0.05133928571428571 0.029017857142857144
1 0.7700892857142857 0.41964285714285715 0.07589285714285714 0.07142857142857142
1 0.6819196428571429 0.5569196428571429 0.10491071428571429 0.140625
1 0.5435267857142857 0.5502232142857143 0.12276785714285714 0.15401785714285715
0 0.6921741071428571 0.4465111607142857 0.08970535714285714 0.026950892857142857
3 0.8482142857142857 0.328125 0.008928571428571428 0.04017857142857143
3 0.6127232142857143 0.39620535714285715 0.011160714285714286 0.024553571428571428
3 0.625 0.3950892857142857 0.008928571428571428 0.022321428571428572
0 0.6210334821428571 0.4563080357142857 0.09028125 0.019758928571428573
0 0.4911138392857143 0.4648705357142857 0.04472767857142857 0.01902678571428571
1 0.40736607142857145 0.5502232142857143 0.109375 0.109375
1 0.44419642857142855 0.4453125 0.07589285714285714 0.05133928571428571
1 0.38392857142857145 0.45424107142857145 0.0625 0.05133928571428571
1 0.4877232142857143 0.40848214285714285 0.029017857142857144 0.022321428571428572
1 0.4341517857142857 0.39174107142857145 0.011160714285714286 0.015625
1 0.40848214285714285 0.39620535714285715 0.013392857142857142 0.024553571428571428
1 0.5424107142857143 0.43861607142857145 0.05803571428571429 0.05580357142857143
1 0.30580357142857145 0.5625 0.08482142857142858 0.07142857142857142
1 0.3325892857142857 0.4609375 0.03125 0.046875
1 0.14174107142857142 0.5691964285714286 0.04241071428571429 0.05803571428571429
1 0.07477678571428571 0.5613839285714286 0.06919642857142858 0.060267857142857144
1 0.024553571428571428 0.5502232142857143 0.03125 0.07366071428571429
1 0.0703125 0.4921875 0.05133928571428571 0.029017857142857144
1 0.7700892857142857 0.41964285714285715 0.07589285714285714 0.07142857142857142
1 0.6819196428571429 0.5569196428571429 0.10491071428571429 0.140625
1 0.5435267857142857 0.5502232142857143 0.12276785714285714 0.15401785714285715
0 0.6921741071428571 0.4465111607142857 0.08970535714285714 0.026950892857142857
3 0.8482142857142857 0.328125 0.008928571428571428 0.04017857142857143
3 0.6127232142857143 0.39620535714285715 0.011160714285714286 0.024553571428571428
3 0.625 0.3950892857142857 0.008928571428571428 0.022321428571428572
0 0.6210334821428571 0.4563080357142857 0.09028125 0.019758928571428573
0 0.4911138392857143 0.4648705357142857 0.04472767857142857 0.01902678571428571
1 0.40736607142857145 0.5502232142857143 0.109375 0.109375
1 0.44419642857142855 0.4453125 0.07589285714285714 0.05133928571428571
1 0.38392857142857145 0.45424107142857145 0.0625 0.05133928571428571
1 0.4877232142857143 0.40848214285714285 0.029017857142857144 0.022321428571428572
1 0.4341517857142857 0.39174107142857145 0.011160714285714286 0.015625
1 0.40848214285714285 0.39620535714285715 0.013392857142857142 0.024553571428571428
1 0.5424107142857143 0.43861607142857145 0.05803571428571429 0.05580357142857143
1 0.30580357142857145 0.5625 0.08482142857142858 0.07142857142857142
1 0.3325892857142857 0.4609375 0.03125 0.046875
1 0.14174107142857142 0.5691964285714286 0.04241071428571429 0.05803571428571429
1 0.07477678571428571 0.5613839285714286 0.06919642857142858 0.060267857142857144
1 0.024553571428571428 0.5502232142857143 0.03125 0.07366071428571429
1 0.0703125 0.4921875 0.05133928571428571 0.029017857142857144
1 0.7700892857142857 0.41964285714285715 0.07589285714285714 0.07142857142857142
1 0.6819196428571429 0.5569196428571429 0.10491071428571429 0.140625
1 0.5435267857142857 0.5502232142857143 0.12276785714285714 0.15401785714285715
0 0.6921741071428571 0.4465111607142857 0.08970535714285714 0.026950892857142857
3 0.8482142857142857 0.328125 0.008928571428571428 0.04017857142857143
3 0.6127232142857143 0.39620535714285715 0.011160714285714286 0.024553571428571428
3 0.625 0.3950892857142857 0.008928571428571428 0.022321428571428572
0 0.6210334821428571 0.4563080357142857 0.09028125 0.019758928571428573
0 0.4911138392857143 0.4648705357142857 0.04472767857142857 0.01902678571428571
1 0.40736607142857145 0.5502232142857143 0.109375 0.109375
1 0.44419642857142855 0.4453125 0.07589285714285714 0.05133928571428571
1 0.38392857142857145 0.45424107142857145 0.0625 0.05133928571428571
1 0.4877232142857143 0.40848214285714285 0.029017857142857144 0.022321428571428572
1 0.4341517857142857 0.39174107142857145 0.011160714285714286 0.015625
1 0.40848214285714285 0.39620535714285715 0.013392857142857142 0.024553571428571428
1 0.5424107142857143 0.43861607142857145 0.05803571428571429 0.05580357142857143
1 0.30580357142857145 0.5625 0.08482142857142858 0.07142857142857142
1 0.3325892857142857 0.4609375 0.03125 0.046875
1 0.14174107142857142 0.5691964285714286 0.04241071428571429 0.05803571428571429
1 0.07477678571428571 0.5613839285714286 0.06919642857142858 0.060267857142857144
1 0.024553571428571428 0.5502232142857143 0.03125 0.07366071428571429
1 0.0703125 0.4921875 0.05133928571428571 0.029017857142857144
1 0.7700892857142857 0.41964285714285715 0.07589285714285714 0.07142857142857142
1 0.6819196428571429 0.5569196428571429 0.10491071428571429 0.140625
1 0.5435267857142857 0.5502232142857143 0.12276785714285714 0.15401785714285715
0 0.6921741071428571 0.4465111607142857 0.08970535714285714 0.026950892857142857
3 0.8482142857142857 0.328125 0.008928571428571428 0.04017857142857143
3 0.6127232142857143 0.39620535714285715 0.011160714285714286 0.024553571428571428
3 0.625 0.3950892857142857 0.008928571428571428 0.022321428571428572
0 0.6210334821428571 0.4563080357142857 0.09028125 0.019758928571428573
0 0.4911138392857143 0.4648705357142857 0.04472767857142857 0.01902678571428571
1 0.40736607142857145 0.5502232142857143 0.109375 0.109375
1 0.44419642857142855 0.4453125 0.07589285714285714 0.05133928571428571
1 0.38392857142857145 0.45424107142857145 0.0625 0.05133928571428571
1 0.4877232142857143 0.40848214285714285 0.029017857142857144 0.022321428571428572
1 0.4341517857142857 0.39174107142857145 0.011160714285714286 0.015625
1 0.40848214285714285 0.39620535714285715 0.013392857142857142 0.024553571428571428
1 0.5424107142857143 0.43861607142857145 0.05803571428571429 0.05580357142857143
1 0.30580357142857145 0.5625 0.08482142857142858 0.07142857142857142
1 0.3325892857142857 0.4609375 0.03125 0.046875
1 0.14174107142857142 0.5691964285714286 0.04241071428571429 0.05803571428571429
1 0.07477678571428571 0.5613839285714286 0.06919642857142858 0.060267857142857144
1 0.024553571428571428 0.5502232142857143 0.03125 0.07366071428571429
1 0.0703125 0.4921875 0.05133928571428571 0.029017857142857144
