1 0.16943973214285715 0.6221294642857143 0.3388794642857143 0.3514017857142857
1 0.3950892857142857 0.6104910714285714 0.29910714285714285 0.22991071428571427
1 0.6199866071428571 0.5967098214285714 0.3471160714285714 0.25591964285714286
1 0.7653727678571428 0.6001116071428572 0.2718169642857143 0.18236607142857145
1 0.8900379464285715 0.58140625 0.20864732142857143 0.14495535714285715
1 0.16943973214285715 0.6221294642857143 0.3388794642857143 0.3514017857142857
1 0.3950892857142857 0.6104910714285714 0.29910714285714285 0.22991071428571427
1 0.6199866071428571 0.5967098214285714 0.3471160714285714 0.25591964285714286
1 0.7653727678571428 0.6001116071428572 0.2718169642857143 0.18236607142857145
1 0.8900379464285715 0.58140625 0.20864732142857143 0.14495535714285715
1 0.16943973214285715 0.6221294642857143 0.3388794642857143 0.3514017857142857
1 0.3950892857142857 0.6104910714285714 0.29910714285714285 0.22991071428571427
1 0.6199866071428571 0.5967098214285714 0.3471160714285714 0.25591964285714286
1 0.7653727678571428 0.6001116071428572 0.2718169642857143 0.18236607142857145
1 0.8900379464285715 0.58140625 0.20864732142857143 0.14495535714285715
1 0.16943973214285715 0.6221294642857143 0.3388794642857143 0.3514017857142857
1 0.3950892857142857 0.6104910714285714 0.29910714285714285 0.22991071428571427
1 0.6199866071428571 0.5967098214285714 0.3471160714285714 0.25591964285714286
1 0.7653727678571428 0.6001116071428572 0.2718169642857143 0.18236607142857145
1 0.8900379464285715 0.58140625 0.20864732142857143 0.14495535714285715
1 0.16943973214285715 0.6221294642857143 0.3388794642857143 0.3514017857142857
1 0.3950892857142857 0.6104910714285714 0.29910714285714285 0.22991071428571427
1 0.6199866071428571 0.5967098214285714 0.3471160714285714 0.25591964285714286
1 0.7653727678571428 0.6001116071428572 0.2718169642857143 0.18236607142857145
1 0.8900379464285715 0.58140625 0.20864732142857143 0.14495535714285715
