1 0.109375 0.5647321428571429 0.12946428571428573 0.11160714285714286
1 0.2578125 0.5591517857142857 0.12276785714285714 0.12723214285714285
1 0.4017857142857143 0.5703125 0.125 0.11383928571428571
1 0.5345982142857143 0.5770089285714286 0.12276785714285714 0.109375
1 0.6651785714285714 0.5837053571428571 0.11607142857142858 0.11383928571428571
1 0.8236607142857143 0.5680803571428571 0.18303571428571427 0.12723214285714285
1 0.109375 0.5647321428571429 0.12946428571428573 0.11160714285714286
1 0.2578125 0.5591517857142857 0.12276785714285714 0.12723214285714285
1 0.4017857142857143 0.5703125 0.125 0.11383928571428571
1 0.5345982142857143 0.5770089285714286 0.12276785714285714 0.109375
1 0.6651785714285714 0.5837053571428571 0.11607142857142858 0.11383928571428571
1 0.8236607142857143 0.5680803571428571 0.18303571428571427 0.12723214285714285
1 0.109375 0.5647321428571429 0.12946428571428573 0.11160714285714286
1 0.2578125 0.5591517857142857 0.12276785714285714 0.12723214285714285
1 0.4017857142857143 0.5703125 0.125 0.11383928571428571
1 0.5345982142857143 0.5770089285714286 0.12276785714285714 0.109375
1 0.6651785714285714 0.5837053571428571 0.11607142857142858 0.11383928571428571
1 0.8236607142857143 0.5680803571428571 0.18303571428571427 0.12723214285714285
1 0.109375 0.5647321428571429 0.12946428571428573 0.11160714285714286
1 0.2578125 0.5591517857142857 0.12276785714285714 0.12723214285714285
1 0.4017857142857143 0.5703125 0.125 0.11383928571428571
1 0.5345982142857143 0.5770089285714286 0.12276785714285714 0.109375
1 0.6651785714285714 0.5837053571428571 0.11607142857142858 0.11383928571428571
1 0.8236607142857143 0.5680803571428571 0.18303571428571427 0.12723214285714285
1 0.109375 0.5647321428571429 0.12946428571428573 0.11160714285714286
1 0.2578125 0.5591517857142857 0.12276785714285714 0.12723214285714285
1 0.4017857142857143 0.5703125 0.125 0.11383928571428571
1 0.5345982142857143 0.5770089285714286 0.12276785714285714 0.109375
1 0.6651785714285714 0.5837053571428571 0.11607142857142858 0.11383928571428571
1 0.8236607142857143 0.5680803571428571 0.18303571428571427 0.12723214285714285
