1 0.8716517857142857 0.3705357142857143 0.25223214285714285 0.45535714285714285
1 0.29017857142857145 0.34263392857142855 0.22321428571428573 0.34598214285714285
0 0.5913861607142857 0.43315178571428575 0.3256294642857143 0.46451785714285715
0 0.09856473214285713 0.3555959821428572 0.18820089285714284 0.3629776785714286
1 0.8716517857142857 0.3705357142857143 0.25223214285714285 0.45535714285714285
1 0.29017857142857145 0.34263392857142855 0.22321428571428573 0.34598214285714285
0 0.5913861607142857 0.43315178571428575 0.3256294642857143 0.46451785714285715
0 0.09856473214285713 0.3555959821428572 0.18820089285714284 0.3629776785714286
1 0.8716517857142857 0.3705357142857143 0.25223214285714285 0.45535714285714285
1 0.29017857142857145 0.34263392857142855 0.22321428571428573 0.34598214285714285
0 0.5913861607142857 0.43315178571428575 0.3256294642857143 0.46451785714285715
0 0.09856473214285713 0.3555959821428572 0.18820089285714284 0.3629776785714286
1 0.8716517857142857 0.3705357142857143 0.25223214285714285 0.45535714285714285
1 0.29017857142857145 0.34263392857142855 0.22321428571428573 0.34598214285714285
0 0.5913861607142857 0.43315178571428575 0.3256294642857143 0.46451785714285715
0 0.09856473214285713 0.3555959821428572 0.18820089285714284 0.3629776785714286
1 0.8716517857142857 0.3705357142857143 0.25223214285714285 0.45535714285714285
1 0.29017857142857145 0.34263392857142855 0.22321428571428573 0.34598214285714285
0 0.5913861607142857 0.43315178571428575 0.3256294642857143 0.46451785714285715
0 0.09856473214285713 0.3555959821428572 0.18820089285714284 0.3629776785714286
