1 0.18549330357142857 0.6884084821428571 0.26384375 0.2696741071428571
1 0.7207098214285714 0.5560290178571429 0.28963392857142856 0.26384375
3 0.8684486607142857 0.5380133928571429 0.23689732142857142 0.18316964285714285
0 0.37646875 0.7092008928571428 0.24400892857142858 0.1594732142857143
0 0.5288839285714285 0.6790245535714285 0.2899107142857143 0.13483482142857142
1 0.18549330357142857 0.6884084821428571 0.26384375 0.2696741071428571
1 0.7207098214285714 0.5560290178571429 0.28963392857142856 0.26384375
3 0.8684486607142857 0.5380133928571429 0.23689732142857142 0.18316964285714285
0 0.37646875 0.7092008928571428 0.24400892857142858 0.1594732142857143
0 0.5288839285714285 0.6790245535714285 0.2899107142857143 0.13483482142857142
1 0.18549330357142857 0.6884084821428571 0.26384375 0.2696741071428571
1 0.7207098214285714 0.5560290178571429 0.28963392857142856 0.26384375
3 0.8684486607142857 0.5380133928571429 0.23689732142857142 0.18316964285714285
0 0.37646875 0.7092008928571428 0.24400892857142858 0.1594732142857143
0 0.5288839285714285 0.6790245535714285 0.2899107142857143 0.13483482142857142
1 0.18549330357142857 0.6884084821428571 0.26384375 0.2696741071428571
1 0.7207098214285714 0.5560290178571429 0.28963392857142856 0.26384375
3 0.8684486607142857 0.5380133928571429 0.23689732142857142 0.18316964285714285
0 0.37646875 0.7092008928571428 0.24400892857142858 0.1594732142857143
0 0.5288839285714285 0.6790245535714285 0.2899107142857143 0.13483482142857142
1 0.18549330357142857 0.6884084821428571 0.26384375 0.2696741071428571
1 0.7207098214285714 0.5560290178571429 0.28963392857142856 0.26384375
3 0.8684486607142857 0.5380133928571429 0.23689732142857142 0.18316964285714285
0 0.37646875 0.7092008928571428 0.24400892857142858 0.1594732142857143
0 0.5288839285714285 0.6790245535714285 0.2899107142857143 0.13483482142857142
